score: [0.1, 0.1, 0.1]	iou: [0.01, 0.1, 0.01]	carR40: [90.50444322795222, 81.57514858155763, 78.56805731679812]	PedestrianR40: [56.31996183017812, 51.71872328621355, 46.60113209699818]	CyclistR40: [84.39600754079628, 67.43045050558277, 63.20761245889939]	delta: [-0.0489273  -0.03645902 -0.04273603  0.37863597  0.57536922  0.43499631
  1.43201144  0.69036202  0.42334888]
score: [0.1, 0.1, 0.1]	iou: [0.01, 0.2, 0.01]	carR40: [90.50444322795222, 81.5750743002551, 78.5679760143897]	PedestrianR40: [56.38005913681913, 51.98650689697754, 46.715713739590825]	CyclistR40: [84.39600754079628, 67.41641592853986, 63.1937939372566]	delta: [-0.0489273  -0.0365333  -0.04281733  0.43873328  0.84315283  0.54957795
  1.43201144  0.67632744  0.40953036]
score: [0.1, 0.1, 0.1]	iou: [0.01, 0.30000000000000004, 0.01]	carR40: [90.50444322795222, 81.5749629044346, 78.56785408648075]	PedestrianR40: [56.4082524833782, 52.01008299501514, 46.70784791575075]	CyclistR40: [84.39600754079628, 67.37898925113839, 63.15555847624814]	delta: [-0.0489273  -0.03664469 -0.04293926  0.46692663  0.86672893  0.54171213
  1.43201144  0.63890076  0.3712949 ]
score: [0.1, 0.1, 0.1]	iou: [0.01, 0.4, 0.01]	carR40: [90.50444322795222, 81.5749629044346, 78.56785408648075]	PedestrianR40: [57.07370182932884, 52.167394435197345, 47.13741006210081]	CyclistR40: [84.38166924255967, 67.30396980453436, 63.110372246787094]	delta: [-0.0489273  -0.03664469 -0.04293926  1.13237597  1.02404037  0.97127428
  1.41767314  0.56388132  0.32610867]
score: [0.1, 0.1, 0.1]	iou: [0.01, 0.5, 0.01]	carR40: [90.50444322795222, 81.5749629044346, 78.56785408648075]	PedestrianR40: [57.180034868182304, 52.547263849658265, 47.35726370869241]	CyclistR40: [83.48678921987435, 67.39382991548896, 63.434919812313225]	delta: [-0.0489273  -0.03664469 -0.04293926  1.23870901  1.40390978  1.19112792
  0.52279312  0.65374143  0.65065623]
score: [0.1, 0.1, 0.1]	iou: [0.01, 0.6000000000000001, 0.01]	carR40: [90.50444322795222, 81.5749629044346, 78.56785408648075]	PedestrianR40: [57.31543083799502, 52.64015099634021, 47.61946760449495]	CyclistR40: [83.43238591126914, 67.33760731696168, 63.44388569198792]	delta: [-0.0489273  -0.03664469 -0.04293926  1.37410498  1.49679693  1.45333182
  0.46838981  0.59751883  0.65962211]
score: [0.1, 0.1, 0.1]	iou: [0.01, 0.7000000000000001, 0.01]	carR40: [90.50312007005537, 81.57459181136227, 78.56732459068188]	PedestrianR40: [57.26185698975892, 52.71511062762754, 47.74203813692338]	CyclistR40: [83.23867324890716, 67.18056073392151, 63.35701609426161]	delta: [-0.05025046 -0.03701579 -0.04346875  1.32053113  1.57175656  1.57590235
  0.27467715  0.44047225  0.57275252]
