score: [0.1, 0.1, 0.1]	iou: [0.01, 0.1, 0.01]	carR40: [87.6903218238541, 78.31618005731058, 75.0883967373051]	PedestrianR40: [58.90771422705083, 52.66330846749451, 47.987221901805036]	CyclistR40: [82.13992621409405, 62.99498120685939, 58.965807205028284]	delta: [-0.06145567 -0.08017888 -0.09593718  1.60625145  1.24879517  1.11568948
  0.57288859  0.18757525  0.13436653]
score: [0.1, 0.1, 0.1]	iou: [0.01, 0.2, 0.01]	carR40: [87.68994950038552, 78.3159397754083, 75.0881281036407]	PedestrianR40: [58.99707397835423, 52.78833618126253, 48.09859815483272]	CyclistR40: [82.1390768391568, 62.95854083234615, 58.9164935648151]	delta: [-0.061828   -0.08041916 -0.09620582  1.6956112   1.37382288  1.22706573
  0.57203922  0.15113488  0.08505289]
score: [0.1, 0.1, 0.1]	iou: [0.01, 0.30000000000000004, 0.01]	carR40: [87.68985647455023, 78.31578968261495, 75.08796029256807]	PedestrianR40: [59.03402242795689, 53.06086673799661, 48.45265613076327]	CyclistR40: [82.13654023129331, 62.82626683017744, 58.967474838089]	delta: [-0.06192102 -0.08056925 -0.09637363  1.73255965  1.64635344  1.58112371
  0.56950261  0.01886088  0.13603416]
score: [0.1, 0.1, 0.1]	iou: [0.01, 0.4, 0.01]	carR40: [87.68985647455023, 78.31572966344822, 75.08789318642906]	PedestrianR40: [59.42428265119706, 53.518611588720525, 48.935970952249974]	CyclistR40: [81.76859895212793, 62.795371581360484, 59.18934607366523]	delta: [-0.06192102 -0.08062927 -0.09644074  2.12281987  2.10409829  2.06443853
  0.20156133 -0.01203437  0.3579054 ]
score: [0.1, 0.1, 0.1]	iou: [0.01, 0.5, 0.01]	carR40: [87.68985647455023, 78.31572966344822, 75.08789318642906]	PedestrianR40: [59.635484011025454, 53.628994322071996, 49.0377670141224]	CyclistR40: [81.63940805293196, 62.9104169712738, 59.259789787864456]	delta: [-0.06192102 -0.08062927 -0.09644074  2.33402123  2.21448102  2.16623459
  0.07237043  0.10301102  0.42834911]
score: [0.1, 0.1, 0.1]	iou: [0.01, 0.6000000000000001, 0.01]	carR40: [87.68967048886319, 78.31548968929059, 75.08762486632648]	PedestrianR40: [59.45473113605117, 53.615577058723815, 49.05944701756012]	CyclistR40: [81.72827818584658, 63.16533970332144, 59.49559010190677]	delta: [-0.06210701 -0.08086925 -0.09670906  2.15326836  2.20106376  2.18791459
  0.16124056  0.35793375  0.66414943]
score: [0.1, 0.1, 0.1]	iou: [0.01, 0.7000000000000001, 0.01]	carR40: [87.6892987812051, 78.31532661961835, 75.08742045560702]	PedestrianR40: [58.539726530364376, 52.68665140753737, 48.25067606443606]	CyclistR40: [82.14936918165161, 63.39711082082531, 59.47911327262817]	delta: [-0.06247872 -0.08103232 -0.09691347  1.23826375  1.27213811  1.37914364
  0.58233156  0.58970487  0.6476726 ]
