#这是partA2_free的
score: [0.1, 0.1, 0.1]	iou: [0.1, 0.1, 0.1]	carR40: [91.65739789106568, 80.27826572715632, 78.07042371340366]	PedestrianR40: [72.30319493925946, 66.35984297145083, 60.055719849505884]	CyclistR40: [91.73527795851285, 75.24299862303619, 70.49486552203767]	delta: [-0.0085975  -0.00946582 -0.00971561 -0.01153567 -0.01271319 -0.0114419
 -0.12090126 -0.06823785 -0.16168434]
score: [0.1, 0.1, 0.1]	iou: [0.1, 0.2, 0.1]	carR40: [91.65739789106568, 80.27826572715632, 78.07042371340366]	PedestrianR40: [72.37293936869864, 66.77081093845008, 61.08372158266712]	CyclistR40: [91.72982069151217, 75.23885999188747, 70.4883512607273]	delta: [-0.0085975  -0.00946582 -0.00971561  0.05820876  0.39825478  1.01655983
 -0.12635853 -0.07237648 -0.1681986 ]
score: [0.1, 0.1, 0.1]	iou: [0.1, 0.30000000000000004, 0.1]	carR40: [91.65739789106568, 80.27826572715632, 78.07042371340366]	PedestrianR40: [73.29556295087227, 66.79258905852002, 61.11181592277608]	CyclistR40: [91.70805719814628, 75.22136398698939, 70.46801590349718]	delta: [-0.0085975  -0.00946582 -0.00971561  0.98083234  0.4200329   1.04465417
 -0.14812202 -0.08987249 -0.18853396]
score: [0.1, 0.1, 0.1]	iou: [0.1, 0.4, 0.1]	carR40: [91.65739789106568, 80.27826572715632, 78.07042371340366]	PedestrianR40: [73.0748364968527, 66.70675878671328, 61.151914758714796]	CyclistR40: [91.69143440511338, 76.0643506797021, 71.61150520138035]	delta: [-0.0085975  -0.00946582 -0.00971561  0.76010589  0.33420262  1.08475301
 -0.16474482  0.75311421  0.95495534]
score: [0.1, 0.1, 0.1]	iou: [0.1, 0.5, 0.1]	carR40: [91.65739789106568, 80.27826572715632, 78.07042371340366]	PedestrianR40: [73.08800414895383, 66.68723876423941, 61.136730842205786]	CyclistR40: [93.31156116715077, 76.41114066596977, 72.45529688046477]	delta: [-0.0085975  -0.00946582 -0.00971561  0.77327354  0.3146826   1.06956909
  1.45538194  1.09990419  1.79874702]
score: [0.1, 0.1, 0.1]	iou: [0.1, 0.6, 0.1]	carR40: [91.65719874255063, 80.27819161561233, 78.07034872510083]	PedestrianR40: [73.02947243191474, 66.6300717243306, 61.092080381215006]	CyclistR40: [93.22556118351686, 76.43648191081185, 72.38177144986061]	delta: [-0.00879665 -0.00953993 -0.0097906   0.71474183  0.25751556  1.02491863
  1.36938196  1.12524544  1.72522159]
score: [0.1, 0.1, 0.1]	iou: [0.1, 0.7000000000000001, 0.1]	carR40: [91.65719874255063, 80.27819161561233, 78.07034872510083]	PedestrianR40: [72.82403936039834, 66.89109868373495, 61.129034829220686]	CyclistR40: [92.98196156279303, 76.32167987306843, 71.73967266564605]	delta: [-0.00879665 -0.00953993 -0.0097906   0.50930875  0.51854252  1.06187308
  1.12578234  1.0104434   1.0831228 ]
score: [0.2, 0.1, 0.1]	iou: [0.1, 0.1, 0.1]	carR40: [91.65779639312177, 80.2616049549435, 78.05226595628754]	PedestrianR40: [72.30319493925946, 66.35984297145083, 60.05664374584302]	CyclistR40: [91.73527795851285, 75.24362372625329, 70.4974810029731]	delta: [-0.008199   -0.02612659 -0.02787337 -0.01153567 -0.01271319 -0.010518
 -0.12090126 -0.06761275 -0.15906886]
score: [0.2, 0.1, 0.1]	iou: [0.1, 0.2, 0.1]	carR40: [91.65779639312177, 80.2616049549435, 78.05226595628754]	PedestrianR40: [72.37293936869864, 66.77081093845008, 61.084646663189815]	CyclistR40: [91.72982069151217, 75.23947990216018, 70.49093205376413]	delta: [-0.008199   -0.02612659 -0.02787337  0.05820876  0.39825478  1.01748491
 -0.12635853 -0.07175657 -0.16561781]
score: [0.2, 0.1, 0.1]	iou: [0.1, 0.30000000000000004, 0.1]	carR40: [91.65779639312177, 80.2616049549435, 78.05226595628754]	PedestrianR40: [73.29556295087227, 66.79258905852002, 61.112734115645175]	CyclistR40: [91.70805719814628, 75.22195465596714, 70.4704382573359]	delta: [-0.008199   -0.02612659 -0.02787337  0.98083234  0.4200329   1.04557237
 -0.14812202 -0.08928182 -0.18611161]
score: [0.2, 0.1, 0.1]	iou: [0.1, 0.4, 0.1]	carR40: [91.65779639312177, 80.2616049549435, 78.05226595628754]	PedestrianR40: [73.07511990239237, 66.70700242729379, 61.152785051219524]	CyclistR40: [91.69143440511338, 76.06594026130516, 71.61337782776562]	delta: [-0.008199   -0.02612659 -0.02787337  0.7603893   0.33444626  1.0856233
 -0.16474482  0.75470379  0.95682796]
score: [0.2, 0.1, 0.1]	iou: [0.1, 0.5, 0.1]	carR40: [91.65779639312177, 80.2616049549435, 78.05226595628754]	PedestrianR40: [73.08871799116814, 66.6879226405116, 61.137520380368734]	CyclistR40: [93.31156116715077, 76.4115230323016, 72.45675714654232]	delta: [-0.008199   -0.02612659 -0.02787337  0.77398738  0.31536648  1.07035863
  1.45538194  1.10028656  1.80020728]
score: [0.2, 0.1, 0.1]	iou: [0.1, 0.6, 0.1]	carR40: [91.65759710791102, 80.2615308286694, 78.05219094787515]	PedestrianR40: [73.03003780263111, 66.6306301503581, 61.09272682412241]	CyclistR40: [93.22556118351686, 76.43678680138503, 72.38291009262323]	delta: [-0.00839829 -0.02620072 -0.02794838  0.7153072   0.25807399  1.02556508
  1.36938196  1.12555033  1.72636023]
score: [0.2, 0.1, 0.1]	iou: [0.1, 0.7000000000000001, 0.1]	carR40: [91.65759710791102, 80.2615308286694, 78.05219094787515]	PedestrianR40: [72.82403936039834, 66.89113374206414, 61.129387756641364]	CyclistR40: [92.98196156279303, 76.32186518686852, 71.74036706081164]	delta: [-0.00839829 -0.02620072 -0.02794838  0.50930875  0.51857758  1.06222601
  1.12578234  1.01062871  1.0838172 ]
score: [0.30000000000000004, 0.1, 0.1]	iou: [0.1, 0.1, 0.1]	carR40: [91.65939314019185, 80.25956297814292, 78.05191861663545]	PedestrianR40: [72.30416291640958, 66.32476369342493, 60.04879566300727]	CyclistR40: [91.73685234843676, 75.2661126249443, 70.51870459828227]	delta: [-0.00660225 -0.02816857 -0.02822071 -0.01056769 -0.04779247 -0.01836609
 -0.11932687 -0.04512385 -0.13784527]
score: [0.30000000000000004, 0.1, 0.1]	iou: [0.1, 0.2, 0.1]	carR40: [91.65939314019185, 80.25956297814292, 78.05191861663545]	PedestrianR40: [72.3739466925058, 66.72443533279238, 61.0193654593141]	CyclistR40: [91.73137154574566, 75.26194121747581, 70.5121200971427]	delta: [-0.00660225 -0.02816857 -0.02822071  0.05921609  0.35187917  0.95220371
 -0.12480768 -0.04929526 -0.14442977]
score: [0.30000000000000004, 0.1, 0.1]	iou: [0.1, 0.30000000000000004, 0.1]	carR40: [91.65939314019185, 80.25956297814292, 78.05191861663545]	PedestrianR40: [73.2969130663392, 66.77241204819451, 61.09122501914695]	CyclistR40: [91.70951595897759, 75.2442752798193, 70.49148484096735]	delta: [-0.00660225 -0.02816857 -0.02822071  0.98218246  0.39985589  1.02406327
 -0.14666326 -0.06696119 -0.16506502]
score: [0.30000000000000004, 0.1, 0.1]	iou: [0.1, 0.4, 0.1]	carR40: [91.65939314019185, 80.25956297814292, 78.05191861663545]	PedestrianR40: [73.07720661020929, 66.69712081284939, 61.12341846667718]	CyclistR40: [91.69258329927119, 76.088388608502, 71.63524571329577]	delta: [-0.00660225 -0.02816857 -0.02822071  0.762476    0.32456465  1.05625672
 -0.16359592  0.77715213  0.97869585]
score: [0.30000000000000004, 0.1, 0.1]	iou: [0.1, 0.5, 0.1]	carR40: [91.65939314019185, 80.25956297814292, 78.05191861663545]	PedestrianR40: [73.09067050201034, 66.67869828491241, 61.134584017068214]	CyclistR40: [93.3124383584544, 76.43453563761422, 72.47985956309539]	delta: [-0.00660225 -0.02816857 -0.02822071  0.7759399   0.30614212  1.06742227
  1.45625914  1.12329916  1.8233097 ]
score: [0.30000000000000004, 0.1, 0.1]	iou: [0.1, 0.6, 0.1]	carR40: [91.65919330678855, 80.25948860437478, 78.05184339023855]	PedestrianR40: [73.03192446452836, 66.62826555309447, 61.06491250261213]	CyclistR40: [93.22626371774945, 76.45959898495296, 72.40498019423343]	delta: [-0.00680209 -0.02824294 -0.02829594  0.71719386  0.25570939  0.99775075
  1.3700845   1.14836251  1.74843033]
score: [0.30000000000000004, 0.1, 0.1]	iou: [0.1, 0.7000000000000001, 0.1]	carR40: [91.65919330678855, 80.25948860437478, 78.05184339023855]	PedestrianR40: [72.82563785462776, 66.87728101765622, 61.069840929285604]	CyclistR40: [92.98238701599318, 76.34512246026254, 71.76193936040025]	delta: [-0.00680209 -0.02824294 -0.02829594  0.51090725  0.50472485  1.00267918
  1.12620779  1.03388599  1.1053895 ]
score: [0.4, 0.1, 0.1]	iou: [0.1, 0.1, 0.1]	carR40: [91.66059358419656, 80.26082886032697, 78.05319880184783]	PedestrianR40: [72.30416291640958, 66.3253232276407, 60.04918288407125]	CyclistR40: [91.73922674018208, 75.26706165000408, 70.51942820996928]	delta: [-0.00540181 -0.02690269 -0.02694053 -0.01056769 -0.04723294 -0.01797886
 -0.11695248 -0.04417482 -0.13712165]
score: [0.4, 0.1, 0.1]	iou: [0.1, 0.2, 0.1]	carR40: [91.66059358419656, 80.26082886032697, 78.05319880184783]	PedestrianR40: [72.3739466925058, 66.72499665271876, 61.019753168325664]	CyclistR40: [91.73371034744761, 75.26288231130354, 70.5128340435952]	delta: [-0.00540181 -0.02690269 -0.02694053  0.05921609  0.35244049  0.95259142
 -0.12246888 -0.04835416 -0.14371582]
score: [0.4, 0.1, 0.1]	iou: [0.1, 0.30000000000000004, 0.1]	carR40: [91.66059358419656, 80.26082886032697, 78.05319880184783]	PedestrianR40: [73.2969130663392, 66.77297196143101, 61.09160983037649]	CyclistR40: [91.71171552058594, 75.24517172441824, 70.49215464897439]	delta: [-0.00540181 -0.02690269 -0.02694053  0.98218246  0.4004158   1.02444808
 -0.1444637  -0.06606475 -0.16439522]
score: [0.4, 0.1, 0.1]	iou: [0.1, 0.4, 0.1]	carR40: [91.66059358419656, 80.26082886032697, 78.05319880184783]	PedestrianR40: [73.077633650973, 66.69752893690529, 61.12378313712807]	CyclistR40: [91.69431457485983, 76.0900379994397, 71.63576257494]	delta: [-0.00540181 -0.02690269 -0.02694053  0.76290304  0.32497277  1.05662139
 -0.16186465  0.77880153  0.97921271]
score: [0.4, 0.1, 0.1]	iou: [0.1, 0.5, 0.1]	carR40: [91.66059358419656, 80.26082886032697, 78.05319880184783]	PedestrianR40: [73.09102922059867, 66.67904212398317, 61.134914749672845]	CyclistR40: [93.31375941699218, 76.43511452848705, 72.48140466421017]	delta: [-0.00540181 -0.02690269 -0.02694053  0.77629861  0.30648596  1.067753
  1.45758019  1.12387805  1.8248548 ]
score: [0.4, 0.1, 0.1]	iou: [0.1, 0.6, 0.1]	carR40: [91.66039333816309, 80.2607543166759, 78.05312342688582]	PedestrianR40: [73.03220852547729, 66.62854621656375, 61.065183199510656]	CyclistR40: [93.22732129616409, 76.46006011311124, 72.40636844357826]	delta: [-0.00560206 -0.02697723 -0.0270159   0.71747792  0.25599005  0.99802145
  1.37114207  1.14882364  1.74981858]
score: [0.4, 0.1, 0.1]	iou: [0.1, 0.7000000000000001, 0.1]	carR40: [91.66039333816309, 80.2607543166759, 78.05312342688582]	PedestrianR40: [72.82588611768674, 66.8774569843155, 61.070193807804344]	CyclistR40: [92.98302697147453, 76.34572596765712, 71.76258883246737]	delta: [-0.00560206 -0.02697723 -0.0270159   0.51115551  0.50490082  1.00303206
  1.12684775  1.03448949  1.10603897]
score: [0.5, 0.1, 0.1]	iou: [0.1, 0.1, 0.1]	carR40: [91.66159584851445, 80.26155616613092, 78.0539587370468]	PedestrianR40: [72.30445749448452, 66.3257308871741, 60.04933792233362]	CyclistR40: [91.74002164150833, 75.26737865767318, 70.51966984827088]	delta: [-0.00439955 -0.02617538 -0.02618059 -0.01027311 -0.04682528 -0.01782383
 -0.11615758 -0.04385782 -0.13688002]
score: [0.5, 0.1, 0.1]	iou: [0.1, 0.2, 0.1]	carR40: [91.66159584851445, 80.26155616613092, 78.0539587370468]	PedestrianR40: [72.37424199465681, 66.7252214613994, 61.020245019413686]	CyclistR40: [91.7344933083622, 75.2631966668938, 70.5130724514744]	delta: [-0.00439955 -0.02617538 -0.02618059  0.05951139  0.3526653   0.95308327
 -0.12168591 -0.04803981 -0.14347741]
score: [0.5, 0.1, 0.1]	iou: [0.1, 0.30000000000000004, 0.1]	carR40: [91.66159584851445, 80.26155616613092, 78.0539587370468]	PedestrianR40: [73.29720753942631, 66.77319620608361, 61.09196057459483]	CyclistR40: [91.71245177231204, 75.24547115067047, 70.49237830475636]	delta: [-0.00439955 -0.02617538 -0.02618059  0.98247693  0.40064004  1.02479883
 -0.14372745 -0.06576532 -0.16417156]
score: [0.5, 0.1, 0.1]	iou: [0.1, 0.4, 0.1]	carR40: [91.66159584851445, 80.26155616613092, 78.0539587370468]	PedestrianR40: [73.07791868527688, 66.69769235998658, 61.12413475080937]	CyclistR40: [91.6948937942503, 76.09076353853028, 71.63684328295116]	delta: [-0.00439955 -0.02617538 -0.02618059  0.76318808  0.3251362   1.056973
 -0.16128543  0.77952706  0.98029342]
score: [0.5, 0.1, 0.1]	iou: [0.1, 0.5, 0.1]	carR40: [91.66159584851445, 80.26155616613092, 78.0539587370468]	PedestrianR40: [73.0912686280289, 66.67917979354989, 61.135047159906705]	CyclistR40: [93.31420118235727, 76.43530780422394, 72.48192072043305]	delta: [-0.00439955 -0.02617538 -0.02618059  0.77653802  0.30662363  1.06788541
  1.45802196  1.12407133  1.82537086]
score: [0.5, 0.1, 0.1]	iou: [0.1, 0.6, 0.1]	carR40: [91.66139525764547, 80.26148151350057, 78.05388326538842]	PedestrianR40: [73.03239808365916, 66.62865858047925, 61.0652915648337]	CyclistR40: [93.22767483385505, 76.46021404390085, 72.40683208628755]	delta: [-0.00460014 -0.02625003 -0.02625606  0.71766748  0.25610242  0.99812982
  1.37149561  1.14897757  1.75028222]
score: [0.5, 0.1, 0.1]	iou: [0.1, 0.7000000000000001, 0.1]	carR40: [91.66139525764547, 80.26148151350057, 78.05388326538842]	PedestrianR40: [72.8260517762286, 66.87763291450482, 61.07033505062385]	CyclistR40: [92.98324076506519, 76.345927371036, 71.76288211752195]	delta: [-0.00460014 -0.02625003 -0.02625606  0.51132117  0.50507675  1.0031733
  1.12706154  1.0346909   1.10633225]
score: [0.6, 0.1, 0.1]	iou: [0.1, 0.1, 0.1]	carR40: [91.66239890308732, 80.26215374856613, 78.05456282616821]	PedestrianR40: [72.30534245782513, 66.32780380600897, 60.04988123182328]	CyclistR40: [91.74002164150833, 75.26801367514308, 70.5201537782449]	delta: [-0.00359649 -0.0255778  -0.0255765  -0.00938815 -0.04475236 -0.01728052
 -0.11615758 -0.0432228  -0.13639609]
score: [0.6, 0.1, 0.1]	iou: [0.1, 0.2, 0.1]	carR40: [91.66239890308732, 80.26215374856613, 78.05456282616821]	PedestrianR40: [72.37512912600643, 66.72600955813954, 61.02196933087978]	CyclistR40: [91.7344933083622, 75.2638263676512, 70.51354990754044]	delta: [-0.00359649 -0.0255778  -0.0255765   0.06039852  0.3534534   0.95480758
 -0.12168591 -0.04741011 -0.14299996]
score: [0.6, 0.1, 0.1]	iou: [0.1, 0.30000000000000004, 0.1]	carR40: [91.66239890308732, 80.26215374856613, 78.05456282616821]	PedestrianR40: [73.29878018467186, 66.77398232261866, 61.09387962156498]	CyclistR40: [91.71245177231204, 75.24607092307126, 70.49282619749597]	delta: [-0.00359649 -0.0255778  -0.0255765   0.98404958  0.40142616  1.02671787
 -0.14372745 -0.06516555 -0.16372367]
score: [0.6, 0.1, 0.1]	iou: [0.1, 0.4, 0.1]	carR40: [91.66239890308732, 80.26215374856613, 78.05456282616821]	PedestrianR40: [73.07834674840274, 66.69826512299672, 61.12608823646456]	CyclistR40: [91.6948937942503, 76.09221724113853, 71.63900983851246]	delta: [-0.00359649 -0.0255778  -0.0255765   0.76361614  0.32570896  1.05892649
 -0.16128543  0.78098077  0.98245997]
score: [0.6, 0.1, 0.1]	iou: [0.1, 0.5, 0.1]	carR40: [91.66239890308732, 80.26215374856613, 78.05456282616821]	PedestrianR40: [73.09162813241902, 66.6796622409314, 61.13703548427174]	CyclistR40: [93.31420118235727, 76.43755958095451, 72.48526570852147]	delta: [-0.00359649 -0.0255778  -0.0255765   0.77689753  0.30710608  1.06987374
  1.45802196  1.12632311  1.82871584]
score: [0.6, 0.1, 0.1]	iou: [0.1, 0.6, 0.1]	carR40: [91.66219803570816, 80.26207901560745, 78.05448728430568]	PedestrianR40: [73.0326826976862, 66.62905229833757, 61.06674511089568]	CyclistR40: [93.22767483385505, 76.46264163074423, 72.40993758788305]	delta: [-0.00379736 -0.02565253 -0.02565204  0.71795209  0.25649614  0.99958336
  1.37149561  1.15140516  1.75338772]
score: [0.6, 0.1, 0.1]	iou: [0.1, 0.7000000000000001, 0.1]	carR40: [91.66219803570816, 80.26207901560745, 78.05448728430568]	PedestrianR40: [72.82630048912094, 66.87861913583656, 61.070829812382634]	CyclistR40: [92.98324076506519, 76.3478901940266, 71.76508713814658]	delta: [-0.00379736 -0.02565253 -0.02565204  0.51156988  0.50606297  1.00366806
  1.12706154  1.03665372  1.10853727]
score: [0.7000000000000001, 0.1, 0.1]	iou: [0.1, 0.2, 0.1]	carR40: [91.66132686782416, 80.26286871737653, 78.05220621723282]	PedestrianR40: [72.24434195378463, 66.56655845568626, 60.85097536134357]	CyclistR40: [91.73527795851285, 75.26445739130936, 70.51552427739064]	delta: [-0.00466853 -0.02486283 -0.02793311 -0.07038865  0.19400229  0.78381361
 -0.12090126 -0.04677908 -0.14102559]
score: [0.7000000000000001, 0.1, 0.1]	iou: [0.1, 0.30000000000000004, 0.1]	carR40: [91.66132686782416, 80.26286871737653, 78.05220621723282]	PedestrianR40: [72.24399856941707, 66.61098536401914, 60.9286170916149]	CyclistR40: [91.71318956431372, 75.24667192514379, 70.49476079365087]	delta: [-0.00466853 -0.02486283 -0.02793311 -0.07073204  0.2384292   0.86145534
 -0.14298966 -0.06456455 -0.16178907]
score: [0.7000000000000001, 0.1, 0.1]	iou: [0.1, 0.4, 0.1]	carR40: [91.66132686782416, 80.26286871737653, 78.05220621723282]	PedestrianR40: [72.83303962495046, 66.57933214854613, 61.00930557319819]	CyclistR40: [91.69547408231125, 76.0936744539352, 71.6402687597775]	delta: [-0.00466853 -0.02486283 -0.02793311  0.51830902  0.20677599  0.94214382
 -0.16070514  0.78243798  0.9837189 ]
score: [0.7000000000000001, 0.1, 0.1]	iou: [0.1, 0.5, 0.1]	carR40: [91.66132686782416, 80.26286871737653, 78.05220621723282]	PedestrianR40: [72.8381408035424, 66.55309634644426, 60.98202831895272]	CyclistR40: [93.31464365681603, 76.43888212438998, 72.48746049379464]	delta: [-0.00466853 -0.02486283 -0.02793311  0.5234102   0.18054018  0.91486657
  1.45846443  1.12764565  1.83091063]
score: [0.7000000000000001, 0.1, 0.1]	iou: [0.1, 0.6, 0.1]	carR40: [91.66112538109473, 80.26279379436028, 78.05213050789654]	PedestrianR40: [72.7703756367994, 66.4932818981784, 60.93961076139844]	CyclistR40: [93.22802887913782, 76.46401301688059, 72.41195956467517]	delta: [-0.00487001 -0.02493775 -0.02800882  0.45564503  0.12072574  0.87244901
  1.37184966  1.15277654  1.7554097 ]
score: [0.7000000000000001, 0.1, 0.1]	iou: [0.1, 0.7000000000000001, 0.1]	carR40: [91.66112538109473, 80.26279379436028, 78.05213050789654]	PedestrianR40: [72.64224490721722, 66.6648858420705, 60.54127792483436]	CyclistR40: [92.98345479686597, 76.34907558040477, 71.76648617733693]	delta: [-0.00487001 -0.02493775 -0.02800882  0.3275143   0.29232968  0.47411618
  1.12727557  1.03783911  1.10993631]
