score: [0.1, 0.1, 0.1]	iou: [0.1, 0.1, 0.1]	carR40: [89.82789398536596, 80.72569534930403, 78.20451800058399]	PedestrianR40: [63.236403763235, 56.37737895315526, 48.577390776283174]	CyclistR40: [89.28556207726469, 70.66298429865056, 66.3658810071788]	delta: [-0.03267757 -0.0438086  -0.0457142  -0.3498771  -0.27113565 -0.2406392
 -0.12343024 -0.09694266 -0.09977816]
score: [0.1, 0.1, 0.1]	iou: [0.1, 0.2, 0.1]	carR40: [89.82789398536596, 80.72569534930403, 78.20451800058399]	PedestrianR40: [63.54598934131761, 56.889286419512395, 49.98164180105164]	CyclistR40: [89.28556207726469, 70.6605995266392, 66.36471552083194]	delta: [-0.03267757 -0.0438086  -0.0457142  -0.04029152  0.24077182  1.16361182
 -0.12343024 -0.09932743 -0.10094364]
score: [0.1, 0.1, 0.1]	iou: [0.1, 0.30000000000000004, 0.1]	carR40: [89.82789398536596, 80.72569534930403, 78.20451800058399]	PedestrianR40: [63.56899294712329, 56.90736331541078, 49.99110170064013]	CyclistR40: [89.2735232673887, 70.61302441264897, 66.31996582517587]	delta: [-0.03267757 -0.0438086  -0.0457142  -0.01728792  0.25884872  1.17307172
 -0.13546905 -0.14690254 -0.14569334]
score: [0.1, 0.1, 0.1]	iou: [0.1, 0.5, 0.1]	carR40: [89.82789398536596, 80.72569534930403, 78.20451800058399]	PedestrianR40: [63.44972664459632, 56.83381393906889, 49.97261983596674]	CyclistR40: [89.93388165961912, 70.46022399922407, 66.1041483410264]	delta: [-0.03267757 -0.0438086  -0.0457142  -0.13655422  0.18529934  1.15458986
  0.52488934 -0.29970296 -0.36151082]
score: [0.1, 0.1, 0.1]	iou: [0.2, 0.1, 0.1]	carR40: [89.82789398536596, 80.72569534930403, 78.20451800058399]	PedestrianR40: [63.236403763235, 56.37715145940698, 48.57717671745152]	CyclistR40: [89.28556207726469, 70.66298429865056, 66.3658810071788]	delta: [-0.03267757 -0.0438086  -0.0457142  -0.3498771  -0.27136314 -0.24085326
 -0.12343024 -0.09694266 -0.09977816]
score: [0.1, 0.1, 0.1]	iou: [0.2, 0.2, 0.1]	carR40: [89.82789398536596, 80.72569534930403, 78.20451800058399]	PedestrianR40: [63.54598934131761, 56.88905913822938, 49.98142791696337]	CyclistR40: [89.28556207726469, 70.6605995266392, 66.36471552083194]	delta: [-0.03267757 -0.0438086  -0.0457142  -0.04029152  0.24054454  1.16339794
 -0.12343024 -0.09932743 -0.10094364]
score: [0.1, 0.1, 0.1]	iou: [0.2, 0.30000000000000004, 0.1]	carR40: [89.82789398536596, 80.72569534930403, 78.20451800058399]	PedestrianR40: [63.56899294712329, 56.907137650952635, 49.9908893360286]	CyclistR40: [89.2735232673887, 70.61302441264897, 66.31996582517587]	delta: [-0.03267757 -0.0438086  -0.0457142  -0.01728792  0.25862305  1.17285936
 -0.13546905 -0.14690254 -0.14569334]
score: [0.1, 0.1, 0.1]	iou: [0.2, 0.5, 0.1]	carR40: [89.82789398536596, 80.72569534930403, 78.20451800058399]	PedestrianR40: [63.44972664459632, 56.83360371590784, 49.97242235835099]	CyclistR40: [89.93388165961912, 70.46022399922407, 66.1041483410264]	delta: [-0.03267757 -0.0438086  -0.0457142  -0.13655422  0.18508912  1.15439238
  0.52488934 -0.29970296 -0.36151082]
score: [0.1, 0.1, 0.1]	iou: [0.30000000000000004, 0.1, 0.1]	carR40: [89.82789398536596, 80.72557209835416, 78.20440238713837]	PedestrianR40: [63.236403763235, 56.37715145940698, 48.57717671745152]	CyclistR40: [89.28556207726469, 70.66182326555015, 66.36471552083194]	delta: [-0.03267757 -0.04393185 -0.04582982 -0.3498771  -0.27136314 -0.24085326
 -0.12343024 -0.09810369 -0.10094364]
score: [0.1, 0.1, 0.1]	iou: [0.30000000000000004, 0.2, 0.1]	carR40: [89.82789398536596, 80.72557209835416, 78.20440238713837]	PedestrianR40: [63.54598934131761, 56.88905913822938, 49.98142791696337]	CyclistR40: [89.28556207726469, 70.65944091994028, 66.36355243014049]	delta: [-0.03267757 -0.04393185 -0.04582982 -0.04029152  0.24054454  1.16339794
 -0.12343024 -0.10048603 -0.10210673]
score: [0.1, 0.1, 0.1]	iou: [0.30000000000000004, 0.30000000000000004, 0.1]	carR40: [89.82789398536596, 80.72557209835416, 78.20440238713837]	PedestrianR40: [63.56899294712329, 56.907137650952635, 49.9908893360286]	CyclistR40: [89.2735232673887, 70.61189433904494, 66.31883091534962]	delta: [-0.03267757 -0.04393185 -0.04582982 -0.01728792  0.25862305  1.17285936
 -0.13546905 -0.14803262 -0.14682825]
score: [0.1, 0.1, 0.1]	iou: [0.30000000000000004, 0.5, 0.1]	carR40: [89.82789398536596, 80.72557209835416, 78.20440238713837]	PedestrianR40: [63.44972664459632, 56.83360371590784, 49.97242235835099]	CyclistR40: [89.93388165961912, 70.45924925758766, 66.10316730274685]	delta: [-0.03267757 -0.04393185 -0.04582982 -0.13655422  0.18508912  1.15439238
  0.52488934 -0.3006777  -0.36249186]
score: [0.1, 0.1, 0.1]	iou: [0.4, 0.1, 0.1]	carR40: [89.82758459680431, 80.72532566020489, 78.204171210163]	PedestrianR40: [63.236403763235, 56.37715145940698, 48.57717671745152]	CyclistR40: [89.28556207726469, 70.65944091994028, 66.36213364344772]	delta: [-0.03298696 -0.04417828 -0.046061   -0.3498771  -0.27136314 -0.24085326
 -0.12343024 -0.10048603 -0.10352552]
score: [0.1, 0.1, 0.1]	iou: [0.4, 0.2, 0.1]	carR40: [89.82758459680431, 80.72532566020489, 78.204171210163]	PedestrianR40: [63.54598934131761, 56.88905913822938, 49.98142791696337]	CyclistR40: [89.28556207726469, 70.6570636248301, 66.36097294103283]	delta: [-0.03298696 -0.04417828 -0.046061   -0.04029152  0.24054454  1.16339794
 -0.12343024 -0.10286333 -0.10468622]
score: [0.1, 0.1, 0.1]	iou: [0.4, 0.30000000000000004, 0.1]	carR40: [89.82758459680431, 80.72532566020489, 78.204171210163]	PedestrianR40: [63.56899294712329, 56.907137650952635, 49.9908893360286]	CyclistR40: [89.2735232673887, 70.60957134477015, 66.31630824698422]	delta: [-0.03298696 -0.04417828 -0.046061   -0.01728792  0.25862305  1.17285936
 -0.13546905 -0.15035561 -0.14935092]
score: [0.1, 0.1, 0.1]	iou: [0.4, 0.5, 0.1]	carR40: [89.82758459680431, 80.72532566020489, 78.204171210163]	PedestrianR40: [63.44972664459632, 56.83360371590784, 49.97242235835099]	CyclistR40: [89.93388165961912, 70.45705526893087, 66.10083802547085]	delta: [-0.03298696 -0.04417828 -0.046061   -0.13655422  0.18508912  1.15439238
  0.52488934 -0.30287169 -0.36482114]
score: [0.1, 0.1, 0.1]	iou: [0.5, 0.1, 0.1]	carR40: [89.8272753409705, 80.72470993645324, 78.20359355873283]	PedestrianR40: [63.23135643189279, 56.37234047755359, 48.57294569489834]	CyclistR40: [89.2735232673887, 70.64651602638988, 66.34835961912874]	delta: [-0.03329622 -0.04479401 -0.04663865 -0.35492443 -0.27617412 -0.24508428
 -0.13546905 -0.11341093 -0.11729954]
score: [0.1, 0.1, 0.1]	iou: [0.5, 0.2, 0.1]	carR40: [89.8272753409705, 80.72470993645324, 78.20359355873283]	PedestrianR40: [63.542082907821154, 56.883846064235335, 49.97659550136149]	CyclistR40: [89.2735232673887, 70.64414856563154, 66.34720603757263]	delta: [-0.03329622 -0.04479401 -0.04663865 -0.04419796  0.23533146  1.15856552
 -0.13546905 -0.11577839 -0.11845312]
score: [0.1, 0.1, 0.1]	iou: [0.5, 0.30000000000000004, 0.1]	carR40: [89.8272753409705, 80.72470993645324, 78.20359355873283]	PedestrianR40: [63.565066655617386, 56.90190355626251, 49.98604530708165]	CyclistR40: [89.26155725612576, 70.59682153794905, 66.30271328506042]	delta: [-0.03329622 -0.04479401 -0.04663865 -0.02121421  0.25338896  1.16801533
 -0.14743506 -0.16310542 -0.16294588]
score: [0.1, 0.1, 0.1]	iou: [0.5, 0.5, 0.1]	carR40: [89.8272753409705, 80.72470993645324, 78.20359355873283]	PedestrianR40: [63.44589937093741, 56.82842784797757, 49.96760419967529]	CyclistR40: [89.92242831868786, 70.44490276970795, 66.08801829401337]	delta: [-0.03329622 -0.04479401 -0.04663865 -0.14038149  0.17991325  1.14957422
  0.513436   -0.31502418 -0.37764087]
