score: [0.1, 0.1, 0.1]	iou: [0.1, 0.1, 0.1]	carR40: [92.10643560674754, 84.38604092252687, 82.5002550522228]	PedestrianR40: [62.69681736200974, 54.513008415907535, 49.863276139491276]	CyclistR40: [89.10112542934472, 70.382558843528, 66.00549295943173]	delta: [-2.01503803e-03 -3.00934065e-03 -2.91961501e-03  0.00000000e+00
  0.00000000e+00  5.22371640e-05  0.00000000e+00 -2.17183382e-02
 -1.50200811e-02]
score: [0.1, 0.1, 0.1]	iou: [0.1, 0.2, 0.1]	carR40: [92.10643560674754, 84.38604092252687, 82.5002550522228]	PedestrianR40: [62.806685522226466, 55.24507922013182, 50.599289621679155]	CyclistR40: [89.10112542934472, 70.36927745848072, 65.99501568125578]	delta: [-0.00201504 -0.00300934 -0.00291962  0.10986816  0.7320708   0.73606572
  0.         -0.03499972 -0.02549736]
score: [0.1, 0.1, 0.1]	iou: [0.1, 0.30000000000000004, 0.1]	carR40: [92.10643560674754, 84.38604092252687, 82.5002550522228]	PedestrianR40: [63.34420119276034, 55.33548478852243, 50.69742868930114]	CyclistR40: [89.09134540062735, 70.28014344084282, 65.91642549623799]	delta: [-0.00201504 -0.00300934 -0.00291962  0.64738383  0.82247637  0.83420479
 -0.00978003 -0.12413374 -0.10408754]
score: [0.1, 0.1, 0.1]	iou: [0.1, 0.4, 0.1]	carR40: [92.10643560674754, 84.38604092252687, 82.5002550522228]	PedestrianR40: [63.46928133451972, 55.34435730648806, 50.78320333562879]	CyclistR40: [89.05656495441445, 70.19441766838001, 65.78806757902461]	delta: [-0.00201504 -0.00300934 -0.00291962  0.77246397  0.83134889  0.91997943
 -0.04456047 -0.20985951 -0.23244546]
score: [0.1, 0.1, 0.1]	iou: [0.1, 0.5, 0.1]	carR40: [92.10618416310753, 84.38595486121686, 82.50017585325719]	PedestrianR40: [63.60228060207314, 55.703251391454955, 51.10308488898643]	CyclistR40: [89.02339200781647, 70.23195334098999, 66.44178236252031]	delta: [-0.00226648 -0.0030954  -0.00299881  0.90546324  1.19024298  1.23986099
 -0.07773342 -0.17232384  0.42126932]
score: [0.1, 0.1, 0.1]	iou: [0.1, 0.6, 0.1]	carR40: [92.1059328161952, 84.38576688114978, 82.50001748288946]	PedestrianR40: [63.622223402849464, 55.79341087083648, 51.1174457875921]	CyclistR40: [89.61922089638229, 70.69861018236118, 66.43441478440819]	delta: [-0.00251783 -0.00328338 -0.00315718  0.92540604  1.28040245  1.25422189
  0.51809547  0.294333    0.41390174]
score: [0.1, 0.1, 0.1]	iou: [0.1, 0.7000000000000001, 0.1]	carR40: [92.1059328161952, 84.38576688114978, 82.49993831148413]	PedestrianR40: [63.76808270204164, 55.54661830718272, 50.80750154803669]	CyclistR40: [89.73183762676902, 70.48769285950833, 66.7600730381221]	delta: [-0.00251783 -0.00328338 -0.00323636  1.07126534  1.03360989  0.94427765
  0.6307122   0.08341568  0.73956   ]
score: [0.2, 0.1, 0.1]	iou: [0.1, 0.4, 0.1]	carR40: [92.10643560674754, 84.39253036836448, 82.51159538045792]	PedestrianR40: [63.469457171967704, 55.351161599524886, 50.79078008153132]	CyclistR40: [89.05656495441445, 70.33300357210145, 65.81685127508672]	delta: [-0.00201504  0.00348011  0.00842071  0.77263981  0.83815318  0.92755618
 -0.04456047 -0.07127361 -0.20366177]
score: [0.2, 0.1, 0.1]	iou: [0.1, 0.5, 0.1]	carR40: [92.10618416310753, 84.39244338760254, 82.51151486033056]	PedestrianR40: [63.60241975777573, 55.70992763889675, 51.11282193288409]	CyclistR40: [89.02339200781647, 70.23722300510016, 66.44945093984917]	delta: [-0.00226648  0.00339312  0.00834019  0.9056024   1.19691922  1.24959803
 -0.07773342 -0.16705418  0.4289379 ]
score: [0.2, 0.1, 0.1]	iou: [0.1, 0.6, 0.1]	carR40: [92.1059328161952, 84.39225448827894, 82.51135384833186]	PedestrianR40: [63.622223402849464, 55.79689483085362, 51.12138447632434]	CyclistR40: [89.61922089638229, 70.70388301945734, 66.43846366963172]	delta: [-0.00251783  0.00320423  0.00817918  0.92540604  1.28388641  1.25816057
  0.51809547  0.29960584  0.41795063]
score: [0.2, 0.1, 0.1]	iou: [0.1, 0.7000000000000001, 0.1]	carR40: [92.1059328161952, 84.39225448827894, 82.5112733564572]	PedestrianR40: [63.76808270204164, 55.54899439535319, 50.810206871213296]	CyclistR40: [89.73183762676902, 70.49033762646178, 66.76581713635431]	delta: [-0.00251783  0.00320423  0.00809869  1.07126534  1.03598598  0.94698297
  0.6307122   0.08606044  0.7453041 ]
score: [0.30000000000000004, 0.1, 0.1]	iou: [0.1, 0.4, 0.1]	carR40: [92.11173836657302, 84.40114444048473, 82.51701177290013]	PedestrianR40: [63.47651135964083, 55.3553785311966, 50.795472348282686]	CyclistR40: [89.05656495441445, 70.33806845802036, 65.82066450282375]	delta: [ 0.00328772  0.01209418  0.01383711  0.779694    0.84237012  0.93224845
 -0.04456047 -0.06620872 -0.19984854]
score: [0.30000000000000004, 0.1, 0.1]	iou: [0.1, 0.5, 0.1]	carR40: [92.11148487868415, 84.40105662582744, 82.51693061790044]	PedestrianR40: [63.607992463489474, 55.717974859987486, 51.120689945720166]	CyclistR40: [89.02339200781647, 70.23969823919293, 66.4559943483885]	delta: [ 0.00303423  0.01200636  0.01375595  0.9111751   1.20496644  1.25746604
 -0.07773342 -0.16457894  0.43548131]
score: [0.30000000000000004, 0.1, 0.1]	iou: [0.1, 0.6, 0.1]	carR40: [92.11123148870487, 84.4008664680421, 82.51676833649191]	PedestrianR40: [63.624542265198706, 55.799034784707644, 51.12518220050287]	CyclistR40: [89.62345441959089, 70.70892859771459, 66.44097738676962]	delta: [0.00278084 0.0118162  0.01359367 0.9277249  1.28602637 1.2619583
 0.52232899 0.30465142 0.42046435]
score: [0.30000000000000004, 0.1, 0.1]	iou: [0.1, 0.7000000000000001, 0.1]	carR40: [92.11123148870487, 84.4008664680421, 82.51668721007967]	PedestrianR40: [63.769541060901346, 55.55044821967243, 50.81186170874011]	CyclistR40: [89.73183762676902, 70.49277539120047, 66.76889170542279]	delta: [0.00278084 0.0118162  0.01351254 1.0727237  1.0374398  0.94863781
 0.6307122  0.08849821 0.74837866]
score: [0.4, 0.1, 0.1]	iou: [0.1, 0.4, 0.1]	carR40: [92.1147878788905, 84.40762712279187, 82.51977672574495]	PedestrianR40: [63.48518258094613, 55.35819231741531, 50.79902921438541]	CyclistR40: [89.05656495441445, 70.34668331919352, 65.828589163735]	delta: [ 0.00633723  0.01857686  0.01660206  0.78836522  0.8451839   0.93580531
 -0.04456047 -0.05759386 -0.19192388]
score: [0.4, 0.1, 0.1]	iou: [0.1, 0.5, 0.1]	carR40: [92.11453321164693, 84.40753888036939, 82.51969524569537]	PedestrianR40: [63.611743393714285, 55.72334351615977, 51.125929151249785]	CyclistR40: [89.02339200781647, 70.24568478706358, 66.46039406439164]	delta: [ 0.00608257  0.01848862  0.01652058  0.91492603  1.2103351   1.26270525
 -0.07773342 -0.15859239  0.43988102]
score: [0.4, 0.1, 0.1]	iou: [0.1, 0.6, 0.1]	carR40: [92.11427864299696, 84.40734775626004, 82.51953231435898]	PedestrianR40: [63.628140029442, 55.8044333438467, 51.13115467783077]	CyclistR40: [89.62528609934337, 70.71527463211625, 66.44574684195234]	delta: [0.005828   0.01829749 0.01635765 0.93132267 1.29142493 1.26793078
 0.52416067 0.31099745 0.4252338 ]
score: [0.4, 0.1, 0.1]	iou: [0.1, 0.7000000000000001, 0.1]	carR40: [92.11427864299696, 84.40734775626004, 82.51945086306878]	PedestrianR40: [63.773993887759396, 55.55155623161272, 50.81509063363788]	CyclistR40: [89.73396477641987, 70.49587699940368, 66.77402436853741]	delta: [0.005828   0.01829749 0.0162762  1.07717653 1.03854782 0.95186673
 0.63283935 0.09159982 0.75351133]
score: [0.5, 0.1, 0.1]	iou: [0.1, 0.4, 0.1]	carR40: [92.1175957421628, 84.41241483191011, 82.52181684808919]	PedestrianR40: [63.4811188823678, 55.36581058329053, 50.808214952076156]	CyclistR40: [89.05656495441445, 70.35247418207946, 65.83463521044092]	delta: [ 0.0091451   0.02336457  0.01864218  0.78430152  0.85280217  0.94499105
 -0.04456047 -0.051803   -0.18587783]
score: [0.5, 0.1, 0.1]	iou: [0.1, 0.5, 0.1]	carR40: [92.11733998659894, 84.4123262729572, 82.52173512778485]	PedestrianR40: [63.58248212571848, 55.7234924841442, 51.101052778719044]	CyclistR40: [89.02339200781647, 70.25115740454932, 66.46790771979457]	delta: [ 0.00888934  0.02327601  0.01856046  0.88566476  1.21048407  1.23782888
 -0.07773342 -0.15311978  0.44739468]
score: [0.5, 0.1, 0.1]	iou: [0.1, 0.6, 0.1]	carR40: [92.11708433026129, 84.41213443360155, 82.5215717160662]	PedestrianR40: [63.63088119007979, 55.804518289785086, 51.13202853388309]	CyclistR40: [89.62651305627125, 70.72151428640903, 66.45234532958027]	delta: [0.00863369 0.02308417 0.01839705 0.93406383 1.29150987 1.26880463
 0.52538763 0.3172371  0.43183229]
score: [0.5, 0.1, 0.1]	iou: [0.1, 0.7000000000000001, 0.1]	carR40: [92.11708433026129, 84.41213443360155, 82.5214900246485]	PedestrianR40: [63.77865198546604, 55.55434753263335, 50.8043831119934]	CyclistR40: [89.73539015596005, 70.50125030380435, 66.7797331292933]	delta: [0.00863369 0.02308417 0.01831536 1.08183462 1.04133912 0.94115921
 0.63426473 0.09697312 0.75922009]
score: [0.6, 0.1, 0.1]	iou: [0.1, 0.4, 0.1]	carR40: [92.1186197578367, 84.41606548048523, 82.52337136594937]	PedestrianR40: [63.49165770557996, 55.36836705766661, 50.80924513293479]	CyclistR40: [89.0627657486735, 70.34801910760189, 65.75363689463039]	delta: [ 0.01016911  0.02701522  0.0201967   0.79484034  0.85535864  0.94602123
 -0.03835968 -0.05625807 -0.26687615]
score: [0.6, 0.1, 0.1]	iou: [0.1, 0.5, 0.1]	carR40: [92.11836360478974, 84.41597667982877, 82.52328946234]	PedestrianR40: [63.5953727958684, 55.717151910065155, 50.73120998006625]	CyclistR40: [89.02930893154797, 70.23359242960494, 66.36792440391955]	delta: [ 0.00991296  0.02692642  0.0201148   0.89855543  1.20414349  0.86798608
 -0.0718165  -0.17068475  0.34741136]
score: [0.6, 0.1, 0.1]	iou: [0.1, 0.6, 0.1]	carR40: [92.11810755120035, 84.41578429419326, 82.52312568410852]	PedestrianR40: [63.643638078037476, 55.815296611272046, 51.138719682886766]	CyclistR40: [89.63337363545453, 70.70644738944901, 66.40320726505502]	delta: [0.00965691 0.02673403 0.01995102 0.94682072 1.3022882  1.27549578
 0.53224821 0.30217021 0.38269422]
score: [0.6, 0.1, 0.1]	iou: [0.1, 0.7000000000000001, 0.1]	carR40: [92.11810755120035, 84.41578429419326, 82.52304380948303]	PedestrianR40: [63.78877571667243, 55.549709895507135, 50.80719845719855]	CyclistR40: [89.73682140125965, 70.43817385727012, 66.64981431971377]	delta: [0.00965691 0.02673403 0.01986914 1.09195835 1.03670148 0.94397455
 0.63569597 0.03389668 0.62930128]
score: [0.7000000000000001, 0.1, 0.1]	iou: [0.1, 0.4, 0.1]	carR40: [92.11990201696567, 84.4041379662151, 82.52479822576004]	PedestrianR40: [63.521310294390844, 55.399622680542784, 50.83030131437405]	CyclistR40: [89.06588627825191, 70.3726761612116, 65.77852474174959]	delta: [ 0.01145137  0.0150877   0.02162356  0.82449293  0.88661426  0.96707741
 -0.03523915 -0.03160102 -0.2419883 ]
score: [0.7000000000000001, 0.1, 0.1]	iou: [0.1, 0.5, 0.1]	carR40: [92.11964536576043, 84.40394739869697, 82.52471613627732]	PedestrianR40: [63.62251264561376, 55.710433874011485, 50.77236253945853]	CyclistR40: [89.03228615744248, 70.25793967233176, 66.39481828796553]	delta: [ 0.01119472  0.01489714  0.02154147  0.92569528  1.19742546  0.90913864
 -0.06883927 -0.14633751  0.37430525]
score: [0.7000000000000001, 0.1, 0.1]	iou: [0.1, 0.6, 0.1]	carR40: [92.11938881430302, 84.40375685956558, 82.524551986401]	PedestrianR40: [63.67185306176108, 55.802497616642796, 51.15980056710385]	CyclistR40: [89.63682310540113, 70.73143645842117, 66.4302874174436]	delta: [0.01093817 0.0147066  0.02137732 0.9750357  1.2894892  1.29657666
 0.53569768 0.32715928 0.40977438]
score: [0.7000000000000001, 0.1, 0.1]	iou: [0.1, 0.7000000000000001, 0.1]	carR40: [92.11938881430302, 84.40375685956558, 82.52446992600395]	PedestrianR40: [63.81468809696943, 55.57681670069881, 50.81319691094321]	CyclistR40: [89.74060647993556, 70.46088774901848, 66.6736983405268]	delta: [0.01093817 0.0147066  0.02129526 1.11787073 1.06380828 0.94997301
 0.63948105 0.05661057 0.6531853 ]
