score: [0.1, 0.1, 0.1]	iou: [0.1, 0.1, 0.1]	carR40: [92.14598415348509, 82.90544937634131, 82.0004422411387]	PedestrianR40: [66.88900541135786, 59.678824616065306, 54.62469020968504]	CyclistR40: [90.33192910619243, 70.01828151895259, 66.75284339931771]	delta: [-0.00510792 -0.00417164  0.00299549  0.          0.00041191  0.00070529
 -0.00804041 -0.11795569 -0.1764005 ]
score: [0.1, 0.1, 0.1]	iou: [0.1, 0.2, 0.1]	carR40: [92.14598415348509, 82.90544937634131, 82.00039187751877]	PedestrianR40: [67.1363898689334, 60.27796298686382, 54.70567613952543]	CyclistR40: [90.33192910619243, 70.00646222046754, 66.73225739483875]	delta: [-0.00510792 -0.00417164  0.00294512  0.24738446  0.59955028  0.08169122
 -0.00804041 -0.12977499 -0.19698651]
score: [0.1, 0.1, 0.1]	iou: [0.1, 0.30000000000000004, 0.1]	carR40: [92.14598415348509, 82.90544937634131, 82.00039187751877]	PedestrianR40: [67.03818986732921, 60.43485167447393, 54.69346252288625]	CyclistR40: [90.32396675715147, 69.92623172009893, 66.63573894391416]	delta: [-0.00510792 -0.00417164  0.00294512  0.14918446  0.75643897  0.06947761
 -0.01600276 -0.21000549 -0.29350496]
score: [0.1, 0.1, 0.1]	iou: [0.1, 0.5, 0.1]	carR40: [92.14598415348509, 82.90544937634131, 82.00039187751877]	PedestrianR40: [66.78780522153798, 60.423139055588436, 55.17256533002539]	CyclistR40: [90.03235764644636, 70.86510689691696, 67.52137855273659]	delta: [-0.00510792 -0.00417164  0.00294512 -0.10120019  0.74472635  0.54858041
 -0.30761187  0.72886969  0.59213465]
score: [0.2, 0.1, 0.1]	iou: [0.1, 0.1, 0.1]	carR40: [92.15178836402684, 82.91110420268384, 82.01737379896636]	PedestrianR40: [66.88900541135786, 59.68326210308747, 54.63191891900918]	CyclistR40: [90.33192910619243, 70.01828151895259, 66.75410473190587]	delta: [ 0.00069629  0.00148318  0.01992704  0.          0.0048494   0.007934
 -0.00804041 -0.11795569 -0.17513917]
score: [0.2, 0.1, 0.1]	iou: [0.1, 0.2, 0.1]	carR40: [92.15178836402684, 82.91110420268384, 82.01732184960241]	PedestrianR40: [67.1363898689334, 60.28681695864358, 54.71286419501686]	CyclistR40: [90.33192910619243, 70.00646222046754, 66.73348378150472]	delta: [ 0.00069629  0.00148318  0.0198751   0.24738446  0.60840425  0.08887928
 -0.00804041 -0.12977499 -0.19576012]
score: [0.2, 0.1, 0.1]	iou: [0.1, 0.30000000000000004, 0.1]	carR40: [92.15178836402684, 82.91110420268384, 82.01732184960241]	PedestrianR40: [67.03818986732921, 60.43910516805573, 54.70024825819445]	CyclistR40: [90.32396675715147, 69.92623172009893, 66.63678408291764]	delta: [ 6.96287527e-04  1.48318387e-03  1.98750952e-02  1.49184456e-01
  7.60692460e-01  7.62633429e-02 -1.60027603e-02 -2.10005488e-01
 -2.92459820e-01]
score: [0.2, 0.1, 0.1]	iou: [0.1, 0.5, 0.1]	carR40: [92.15178836402684, 82.91110420268384, 82.01732184960241]	PedestrianR40: [66.79021267630382, 60.4258955382677, 55.17676946609714]	CyclistR40: [90.03235764644636, 70.86985268170646, 67.52706371495628]	delta: [ 6.96287527e-04  1.48318387e-03  1.98750952e-02 -9.87927351e-02
  7.47482830e-01  5.52784551e-01 -3.07611871e-01  7.33615473e-01
  5.97819812e-01]
score: [0.30000000000000004, 0.1, 0.1]	iou: [0.1, 0.1, 0.1]	carR40: [92.16070338579388, 82.91803512090145, 82.02338086015972]	PedestrianR40: [66.88900541135786, 59.68692756604934, 54.63537679600354]	CyclistR40: [90.33192910619243, 70.02229579605823, 66.7591878833257]	delta: [ 0.00961131  0.0084141   0.02593411  0.          0.00851486  0.01139188
 -0.00804041 -0.11394141 -0.17005602]
score: [0.30000000000000004, 0.1, 0.1]	iou: [0.1, 0.2, 0.1]	carR40: [92.16070338579388, 82.91803512090145, 82.02332834229098]	PedestrianR40: [67.1363898689334, 60.29412987004409, 54.71630213188441]	CyclistR40: [90.33192910619243, 70.0103652522128, 66.7384255849806]	delta: [ 0.00961131  0.0084141   0.02588159  0.24738446  0.61571716  0.09231722
 -0.00804041 -0.12587196 -0.19081832]
score: [0.30000000000000004, 0.1, 0.1]	iou: [0.1, 0.30000000000000004, 0.1]	carR40: [92.16070338579388, 82.91803512090145, 82.02332834229098]	PedestrianR40: [67.03818986732921, 60.44261712206163, 54.703491753741474]	CyclistR40: [90.32396675715147, 69.93053645570483, 66.6409931168336]	delta: [ 0.00961131  0.0084141   0.02588159  0.14918446  0.76420441  0.07950684
 -0.01600276 -0.20570075 -0.28825079]
score: [0.30000000000000004, 0.1, 0.1]	iou: [0.1, 0.5, 0.1]	carR40: [92.16070338579388, 82.91803512090145, 82.02332834229098]	PedestrianR40: [66.79248895004729, 60.42816415640853, 55.1814376901112]	CyclistR40: [90.03235764644636, 70.87181817582945, 67.52993593891564]	delta: [ 0.00961131  0.0084141   0.02588159 -0.09651646  0.74975145  0.55745277
 -0.30761187  0.73558097  0.60069204]
score: [0.4, 0.1, 0.1]	iou: [0.1, 0.1, 0.1]	carR40: [92.16415497321954, 82.92223942484395, 82.02776567649282]	PedestrianR40: [66.89086414386293, 59.690144032701156, 54.63840698411033]	CyclistR40: [90.33192910619243, 70.02431720336853, 66.76444137517977]	delta: [ 0.0130629   0.01261841  0.03031892  0.00185873  0.01173132  0.01442207
 -0.00804041 -0.11192001 -0.16480253]
score: [0.4, 0.1, 0.1]	iou: [0.1, 0.2, 0.1]	carR40: [92.16415497321954, 82.92223942484395, 82.02771281303033]	PedestrianR40: [67.1363898689334, 60.30054649906188, 54.71931458380113]	CyclistR40: [90.33192910619243, 70.012330446935, 66.74357308176597]	delta: [ 0.0130629   0.01261841  0.03026606  0.24738446  0.62213379  0.09532967
 -0.00804041 -0.12390676 -0.18567082]
score: [0.4, 0.1, 0.1]	iou: [0.1, 0.30000000000000004, 0.1]	carR40: [92.16415497321954, 82.92223942484395, 82.02771281303033]	PedestrianR40: [67.04486661390678, 60.45129727000938, 54.70633275632848]	CyclistR40: [90.32396675715147, 69.93216329846035, 66.64568284256062]	delta: [ 0.0130629   0.01261841  0.03026606  0.1558612   0.77288456  0.08234784
 -0.01600276 -0.20407391 -0.28356106]
score: [0.4, 0.1, 0.1]	iou: [0.1, 0.5, 0.1]	carR40: [92.16415497321954, 82.92223942484395, 82.02771281303033]	PedestrianR40: [66.79550759622359, 60.4301487302484, 55.18710082659135]	CyclistR40: [90.03235764644636, 70.87255796803542, 67.53173619180025]	delta: [ 0.0130629   0.01261841  0.03026606 -0.09349782  0.75173602  0.56311591
 -0.30761187  0.73632076  0.60249229]
score: [0.5, 0.1, 0.1]	iou: [0.1, 0.1, 0.1]	carR40: [92.16646766476056, 82.92475410647364, 82.03378804234248]	PedestrianR40: [66.89577402401468, 59.692021561124406, 54.64214023321675]	CyclistR40: [90.33192910619243, 70.02499313640588, 66.76619889026118]	delta: [ 0.01537559  0.01513309  0.03634129  0.00676861  0.01360885  0.01815532
 -0.00804041 -0.11124407 -0.16304501]
score: [0.5, 0.1, 0.1]	iou: [0.1, 0.2, 0.1]	carR40: [92.16646766476056, 82.92475410647364, 82.03373497190904]	PedestrianR40: [67.13996928629639, 60.30429182423542, 54.721722515170036]	CyclistR40: [90.33192910619243, 70.01298755413362, 66.74529508105537]	delta: [ 0.01537559  0.01513309  0.03628822  0.25096387  0.62587912  0.0977376
 -0.00804041 -0.12324965 -0.18394882]
score: [0.5, 0.1, 0.1]	iou: [0.1, 0.30000000000000004, 0.1]	carR40: [92.16646766476056, 82.92475410647364, 82.03373497190904]	PedestrianR40: [67.04805348516668, 60.45637414693363, 54.708424868482176]	CyclistR40: [90.32396675715147, 69.93270711558543, 66.64725150265843]	delta: [ 0.01537559  0.01513309  0.03628822  0.15904807  0.77796144  0.08443995
 -0.01600276 -0.20353009 -0.2819924 ]
score: [0.5, 0.1, 0.1]	iou: [0.1, 0.5, 0.1]	carR40: [92.16646766476056, 82.92475410647364, 82.03373497190904]	PedestrianR40: [66.7967909850969, 60.43422197326318, 55.190403516838835]	CyclistR40: [90.03235764644636, 70.87375210517337, 67.53233742188056]	delta: [ 0.01537559  0.01513309  0.03628822 -0.09221443  0.75580927  0.5664186
 -0.30761187  0.7375149   0.60309352]
score: [0.6, 0.1, 0.1]	iou: [0.1, 0.1, 0.1]	carR40: [92.16840206492698, 82.92654025985023, 82.03806504583247]	PedestrianR40: [66.89779468300488, 59.694941591437846, 54.6384311172758]	CyclistR40: [90.33192910619243, 70.02770758914275, 66.7732609413345]	delta: [ 0.01730999  0.01691924  0.04061829  0.00878927  0.01652888  0.0144462
 -0.00804041 -0.10852962 -0.15598296]
score: [0.6, 0.1, 0.1]	iou: [0.1, 0.2, 0.1]	carR40: [92.16840206492698, 82.92654025985023, 82.03801182827013]	PedestrianR40: [67.1296303460922, 59.79680819480724, 54.7124510457632]	CyclistR40: [90.33192910619243, 70.01562625825566, 66.75221413971423]	delta: [ 0.01730999  0.01691924  0.04056507  0.24062493  0.11839549  0.08846613
 -0.00804041 -0.12061095 -0.17702976]
score: [0.6, 0.1, 0.1]	iou: [0.1, 0.30000000000000004, 0.1]	carR40: [92.16840206492698, 82.92654025985023, 82.03801182827013]	PedestrianR40: [67.05177897259291, 60.303092080792084, 54.69902461631313]	CyclistR40: [90.32396675715147, 69.93489010876081, 66.6535534268028]	delta: [ 0.01730999  0.01691924  0.04056507  0.16277356  0.62467937  0.0750397
 -0.01600276 -0.2013471  -0.27569048]
score: [0.6, 0.1, 0.1]	iou: [0.1, 0.5, 0.1]	carR40: [92.16840206492698, 82.92654025985023, 82.03801182827013]	PedestrianR40: [66.79616141459891, 60.4137635935841, 55.13578819277279]	CyclistR40: [90.03505065176108, 70.87854807532608, 67.54077629059785]	delta: [ 0.01730999  0.01691924  0.04056507 -0.092844    0.73535089  0.51180328
 -0.30491887  0.74231087  0.61153239]
score: [0.7000000000000001, 0.1, 0.1]	iou: [0.1, 0.1, 0.1]	carR40: [92.16917765483153, 82.92734297014441, 82.03998699410006]	PedestrianR40: [66.90011678106791, 59.67039174928937, 54.63519041325562]	CyclistR40: [90.33996951747889, 70.03890586873717, 66.78292888548313]	delta: [ 0.01808558  0.01772195  0.04254024  0.01111137 -0.00802096  0.0112055
  0.         -0.09733134 -0.14631502]
score: [0.7000000000000001, 0.1, 0.1]	iou: [0.1, 0.2, 0.1]	carR40: [92.16917765483153, 82.92734297014441, 82.03993371038469]	PedestrianR40: [67.13567176281575, 59.78757950796558, 54.72705505906001]	CyclistR40: [90.33996951747889, 70.02674807005684, 66.76173758871815]	delta: [ 0.01808558  0.01772195  0.04248696  0.24666635  0.1091668   0.10307014
  0.         -0.10948914 -0.16750631]
score: [0.7000000000000001, 0.1, 0.1]	iou: [0.1, 0.30000000000000004, 0.1]	carR40: [92.16917765483153, 82.92734297014441, 82.03993371038469]	PedestrianR40: [67.04605026037875, 59.77928133220309, 54.71097655206366]	CyclistR40: [90.33192910619243, 69.94552815785508, 66.66244582446194]	delta: [ 0.01808558  0.01772195  0.04248696  0.15704485  0.10086862  0.08699164
 -0.00804041 -0.19070905 -0.26679808]
score: [0.7000000000000001, 0.1, 0.1]	iou: [0.1, 0.5, 0.1]	carR40: [92.16917765483153, 82.92734297014441, 82.03993371038469]	PedestrianR40: [66.80222486891513, 60.40918036742379, 55.11591850690325]	CyclistR40: [90.0404689784543, 70.89153852352736, 67.54928061302572]	delta: [ 0.01808558  0.01772195  0.04248696 -0.08678054  0.73076766  0.49193359
 -0.29950054  0.75530131  0.62003671]
