score0 score1 iou1

score: [0.1, 0.1, 0.1]	iou: [0.1, 0.1, 0.1]	carR40: [89.82789398536596, 80.72569534930403, 78.20451800058399]	PedestrianR40: [63.236403763235, 56.37737895315526, 48.577390776283174]	CyclistR40: [89.28556207726469, 70.66298429865056, 66.3658810071788]	delta: [-0.03267757 -0.0438086  -0.0457142  -0.3498771  -0.27113565 -0.2406392
 -0.12343024 -0.09694266 -0.09977816]
score: [0.1, 0.1, 0.1]	iou: [0.1, 0.2, 0.1]	carR40: [89.82789398536596, 80.72569534930403, 78.20451800058399]	PedestrianR40: [63.54598934131761, 56.889286419512395, 49.98164180105164]	CyclistR40: [89.28556207726469, 70.6605995266392, 66.36471552083194]	delta: [-0.03267757 -0.0438086  -0.0457142  -0.04029152  0.24077182  1.16361182
 -0.12343024 -0.09932743 -0.10094364]
score: [0.1, 0.1, 0.1]	iou: [0.1, 0.30000000000000004, 0.1]	carR40: [89.82789398536596, 80.72569534930403, 78.20451800058399]	PedestrianR40: [63.56899294712329, 56.90736331541078, 49.99110170064013]	CyclistR40: [89.2735232673887, 70.61302441264897, 66.31996582517587]	delta: [-0.03267757 -0.0438086  -0.0457142  -0.01728792  0.25884872  1.17307172
 -0.13546905 -0.14690254 -0.14569334]
score: [0.1, 0.1, 0.1]	iou: [0.1, 0.5, 0.1]	carR40: [89.82789398536596, 80.72569534930403, 78.20451800058399]	PedestrianR40: [63.44972664459632, 56.83381393906889, 49.97261983596674]	CyclistR40: [89.93388165961912, 70.46022399922407, 66.1041483410264]	delta: [-0.03267757 -0.0438086  -0.0457142  -0.13655422  0.18529934  1.15458986
  0.52488934 -0.29970296 -0.36151082]
