score: [0.1, 0.1, 0.1]	iou: [0.0, 0.1, 0.0]	carR40: [89.84227083060837, 80.73268572369356, 78.21351327069819]	PedestrianR40: [63.23753183197041, 56.37795281119898, 48.5778604893883]	CyclistR40: [89.28556207726469, 70.66298429865056, 66.3658810071788]	delta: [-0.01830073 -0.03681822 -0.03671893 -0.34874903 -0.27056179 -0.24016949
 -0.12343024 -0.09694266 -0.09977816]
score: [0.1, 0.1, 0.2]	iou: [0.0, 0.1, 0.0]	carR40: [89.97052368485579, 80.78236690440488, 78.25974477663735]	PedestrianR40: [63.23753183197041, 56.37795281119898, 48.5778604893883]	CyclistR40: [89.28556207726469, 70.66298429865056, 66.3658810071788]	delta: [ 0.10995213  0.01286296  0.00951257 -0.34874903 -0.27056179 -0.24016949
 -0.12343024 -0.09694266 -0.09977816]
score: [0.1, 0.1, 0.30000000000000004]	iou: [0.0, 0.1, 0.0]	carR40: [89.97052368485579, 80.87727792692178, 78.32296199421198]	PedestrianR40: [63.23753183197041, 56.37795281119898, 48.5778604893883]	CyclistR40: [89.28556207726469, 70.66298429865056, 66.3658810071788]	delta: [ 0.10995213  0.10777398  0.07272979 -0.34874903 -0.27056179 -0.24016949
 -0.12343024 -0.09694266 -0.09977816]
score: [0.1, 0.1, 0.4]	iou: [0.0, 0.1, 0.0]	carR40: [89.99575957682467, 80.90876230137448, 78.35549080264228]	PedestrianR40: [63.23753183197041, 56.37795281119898, 48.5778604893883]	CyclistR40: [89.28556207726469, 70.66298429865056, 66.3658810071788]	delta: [ 0.13518802  0.13925836  0.1052586  -0.34874903 -0.27056179 -0.24016949
 -0.12343024 -0.09694266 -0.09977816]
score: [0.1, 0.1, 0.5]	iou: [0.0, 0.1, 0.0]	carR40: [90.06943058876908, 80.93383746792568, 78.39707557876349]	PedestrianR40: [63.23753183197041, 56.37795281119898, 48.5778604893883]	CyclistR40: [89.28556207726469, 70.66298429865056, 66.3658810071788]	delta: [ 0.20885903  0.16433352  0.14684337 -0.34874903 -0.27056179 -0.24016949
 -0.12343024 -0.09694266 -0.09977816]
score: [0.1, 0.1, 0.6]	iou: [0.0, 0.1, 0.0]	carR40: [90.06943058876908, 80.97021791397235, 78.42944157774507]	PedestrianR40: [63.23753183197041, 56.37795281119898, 48.5778604893883]	CyclistR40: [89.28556207726469, 70.66298429865056, 66.3658810071788]	delta: [ 0.20885903  0.20071397  0.17920937 -0.34874903 -0.27056179 -0.24016949
 -0.12343024 -0.09694266 -0.09977816]
score: [0.1, 0.1, 0.7000000000000001]	iou: [0.0, 0.1, 0.0]	carR40: [90.10370384320545, 81.00679954240832, 78.46147431534365]	PedestrianR40: [63.23753183197041, 56.37795281119898, 48.5778604893883]	CyclistR40: [89.28556207726469, 70.66298429865056, 66.3658810071788]	delta: [ 0.24313229  0.2372956   0.21124211 -0.34874903 -0.27056179 -0.24016949
 -0.12343024 -0.09694266 -0.09977816]
score: [0.1, 0.1, 0.1]	iou: [0.0, 0.2, 0.0]	carR40: [89.84227083060837, 80.73268572369356, 78.21351327069819]	PedestrianR40: [63.546359352545544, 56.890131692450375, 49.95706134781315]	CyclistR40: [89.28556207726469, 70.6605995266392, 66.36471552083194]	delta: [-0.01830073 -0.03681822 -0.03671893 -0.03992151  0.24161709  1.13903137
 -0.12343024 -0.09932743 -0.10094364]
score: [0.1, 0.1, 0.2]	iou: [0.0, 0.2, 0.0]	carR40: [89.97052368485579, 80.78236690440488, 78.25974477663735]	PedestrianR40: [63.546359352545544, 56.890131692450375, 49.95706134781315]	CyclistR40: [89.28556207726469, 70.6605995266392, 66.36471552083194]	delta: [ 0.10995213  0.01286296  0.00951257 -0.03992151  0.24161709  1.13903137
 -0.12343024 -0.09932743 -0.10094364]
score: [0.1, 0.1, 0.30000000000000004]	iou: [0.0, 0.2, 0.0]	carR40: [89.97052368485579, 80.87727792692178, 78.32296199421198]	PedestrianR40: [63.546359352545544, 56.890131692450375, 49.95706134781315]	CyclistR40: [89.28556207726469, 70.6605995266392, 66.36471552083194]	delta: [ 0.10995213  0.10777398  0.07272979 -0.03992151  0.24161709  1.13903137
 -0.12343024 -0.09932743 -0.10094364]
score: [0.1, 0.1, 0.4]	iou: [0.0, 0.2, 0.0]	carR40: [89.99575957682467, 80.90876230137448, 78.35549080264228]	PedestrianR40: [63.546359352545544, 56.890131692450375, 49.95706134781315]	CyclistR40: [89.28556207726469, 70.6605995266392, 66.36471552083194]	delta: [ 0.13518802  0.13925836  0.1052586  -0.03992151  0.24161709  1.13903137
 -0.12343024 -0.09932743 -0.10094364]
score: [0.1, 0.1, 0.5]	iou: [0.0, 0.2, 0.0]	carR40: [90.06943058876908, 80.93383746792568, 78.39707557876349]	PedestrianR40: [63.546359352545544, 56.890131692450375, 49.95706134781315]	CyclistR40: [89.28556207726469, 70.6605995266392, 66.36471552083194]	delta: [ 0.20885903  0.16433352  0.14684337 -0.03992151  0.24161709  1.13903137
 -0.12343024 -0.09932743 -0.10094364]
score: [0.1, 0.1, 0.6]	iou: [0.0, 0.2, 0.0]	carR40: [90.06943058876908, 80.97021791397235, 78.42944157774507]	PedestrianR40: [63.546359352545544, 56.890131692450375, 49.95706134781315]	CyclistR40: [89.28556207726469, 70.6605995266392, 66.36471552083194]	delta: [ 0.20885903  0.20071397  0.17920937 -0.03992151  0.24161709  1.13903137
 -0.12343024 -0.09932743 -0.10094364]
score: [0.1, 0.1, 0.7000000000000001]	iou: [0.0, 0.2, 0.0]	carR40: [90.10370384320545, 81.00679954240832, 78.46147431534365]	PedestrianR40: [63.546359352545544, 56.890131692450375, 49.95706134781315]	CyclistR40: [89.28556207726469, 70.6605995266392, 66.36471552083194]	delta: [ 0.24313229  0.2372956   0.21124211 -0.03992151  0.24161709  1.13903137
 -0.12343024 -0.09932743 -0.10094364]
score: [0.1, 0.1, 0.1]	iou: [0.0, 0.30000000000000004, 0.0]	carR40: [89.84227083060837, 80.73268572369356, 78.21351327069819]	PedestrianR40: [63.569360768490334, 56.90820470839182, 49.98999022610791]	CyclistR40: [89.2735232673887, 70.61302441264897, 66.31996582517587]	delta: [-0.01830073 -0.03681822 -0.03671893 -0.0169201   0.25969011  1.17196025
 -0.13546905 -0.14690254 -0.14569334]
score: [0.1, 0.1, 0.2]	iou: [0.0, 0.30000000000000004, 0.0]	carR40: [89.97052368485579, 80.78236690440488, 78.25974477663735]	PedestrianR40: [63.569360768490334, 56.90820470839182, 49.98999022610791]	CyclistR40: [89.2735232673887, 70.61302441264897, 66.31996582517587]	delta: [ 0.10995213  0.01286296  0.00951257 -0.0169201   0.25969011  1.17196025
 -0.13546905 -0.14690254 -0.14569334]
score: [0.1, 0.1, 0.30000000000000004]	iou: [0.0, 0.30000000000000004, 0.0]	carR40: [89.97052368485579, 80.87727792692178, 78.32296199421198]	PedestrianR40: [63.569360768490334, 56.90820470839182, 49.98999022610791]	CyclistR40: [89.2735232673887, 70.61302441264897, 66.31996582517587]	delta: [ 0.10995213  0.10777398  0.07272979 -0.0169201   0.25969011  1.17196025
 -0.13546905 -0.14690254 -0.14569334]
score: [0.1, 0.1, 0.4]	iou: [0.0, 0.30000000000000004, 0.0]	carR40: [89.99575957682467, 80.90876230137448, 78.35549080264228]	PedestrianR40: [63.569360768490334, 56.90820470839182, 49.98999022610791]	CyclistR40: [89.2735232673887, 70.61302441264897, 66.31996582517587]	delta: [ 0.13518802  0.13925836  0.1052586  -0.0169201   0.25969011  1.17196025
 -0.13546905 -0.14690254 -0.14569334]
score: [0.1, 0.1, 0.5]	iou: [0.0, 0.30000000000000004, 0.0]	carR40: [90.06943058876908, 80.93383746792568, 78.39707557876349]	PedestrianR40: [63.569360768490334, 56.90820470839182, 49.98999022610791]	CyclistR40: [89.2735232673887, 70.61302441264897, 66.31996582517587]	delta: [ 0.20885903  0.16433352  0.14684337 -0.0169201   0.25969011  1.17196025
 -0.13546905 -0.14690254 -0.14569334]
score: [0.1, 0.1, 0.6]	iou: [0.0, 0.30000000000000004, 0.0]	carR40: [90.06943058876908, 80.97021791397235, 78.42944157774507]	PedestrianR40: [63.569360768490334, 56.90820470839182, 49.98999022610791]	CyclistR40: [89.2735232673887, 70.61302441264897, 66.31996582517587]	delta: [ 0.20885903  0.20071397  0.17920937 -0.0169201   0.25969011  1.17196025
 -0.13546905 -0.14690254 -0.14569334]
score: [0.1, 0.1, 0.7000000000000001]	iou: [0.0, 0.30000000000000004, 0.0]	carR40: [90.10370384320545, 81.00679954240832, 78.46147431534365]	PedestrianR40: [63.569360768490334, 56.90820470839182, 49.98999022610791]	CyclistR40: [89.2735232673887, 70.61302441264897, 66.31996582517587]	delta: [ 0.24313229  0.2372956   0.21124211 -0.0169201   0.25969011  1.17196025
 -0.13546905 -0.14690254 -0.14569334]
score: [0.1, 0.1, 0.1]	iou: [0.0, 0.5, 0.0]	carR40: [89.84227083060837, 80.73268572369356, 78.21351327069819]	PedestrianR40: [63.45003386050024, 56.83463372176476, 49.96112858444232]	CyclistR40: [89.93388165961912, 70.46022399922407, 66.1041483410264]	delta: [-0.01830073 -0.03681822 -0.03671893 -0.136247    0.18611912  1.14309861
  0.52488934 -0.29970296 -0.36151082]
score: [0.1, 0.1, 0.2]	iou: [0.0, 0.5, 0.0]	carR40: [89.97052368485579, 80.78236690440488, 78.25974477663735]	PedestrianR40: [63.45003386050024, 56.83463372176476, 49.96112858444232]	CyclistR40: [89.93388165961912, 70.46022399922407, 66.1041483410264]	delta: [ 0.10995213  0.01286296  0.00951257 -0.136247    0.18611912  1.14309861
  0.52488934 -0.29970296 -0.36151082]
score: [0.1, 0.1, 0.30000000000000004]	iou: [0.0, 0.5, 0.0]	carR40: [89.97052368485579, 80.87727792692178, 78.32296199421198]	PedestrianR40: [63.45003386050024, 56.83463372176476, 49.96112858444232]	CyclistR40: [89.93388165961912, 70.46022399922407, 66.1041483410264]	delta: [ 0.10995213  0.10777398  0.07272979 -0.136247    0.18611912  1.14309861
  0.52488934 -0.29970296 -0.36151082]
score: [0.1, 0.1, 0.4]	iou: [0.0, 0.5, 0.0]	carR40: [89.99575957682467, 80.90876230137448, 78.35549080264228]	PedestrianR40: [63.45003386050024, 56.83463372176476, 49.96112858444232]	CyclistR40: [89.93388165961912, 70.46022399922407, 66.1041483410264]	delta: [ 0.13518802  0.13925836  0.1052586  -0.136247    0.18611912  1.14309861
  0.52488934 -0.29970296 -0.36151082]
score: [0.1, 0.1, 0.5]	iou: [0.0, 0.5, 0.0]	carR40: [90.06943058876908, 80.93383746792568, 78.39707557876349]	PedestrianR40: [63.45003386050024, 56.83463372176476, 49.96112858444232]	CyclistR40: [89.93388165961912, 70.46022399922407, 66.1041483410264]	delta: [ 0.20885903  0.16433352  0.14684337 -0.136247    0.18611912  1.14309861
  0.52488934 -0.29970296 -0.36151082]
score: [0.1, 0.1, 0.6]	iou: [0.0, 0.5, 0.0]	carR40: [90.06943058876908, 80.97021791397235, 78.42944157774507]	PedestrianR40: [63.45003386050024, 56.83463372176476, 49.96112858444232]	CyclistR40: [89.93388165961912, 70.46022399922407, 66.1041483410264]	delta: [ 0.20885903  0.20071397  0.17920937 -0.136247    0.18611912  1.14309861
  0.52488934 -0.29970296 -0.36151082]
score: [0.1, 0.1, 0.7000000000000001]	iou: [0.0, 0.5, 0.0]	carR40: [90.10370384320545, 81.00679954240832, 78.46147431534365]	PedestrianR40: [63.45003386050024, 56.83463372176476, 49.96112858444232]	CyclistR40: [89.93388165961912, 70.46022399922407, 66.1041483410264]	delta: [ 0.24313229  0.2372956   0.21124211 -0.136247    0.18611912  1.14309861
  0.52488934 -0.29970296 -0.36151082]
score: [0.1, 0.1, 0.1]	iou: [0.1, 0.1, 0.0]	carR40: [89.84195524297434, 80.73243519279478, 78.21327890012807]	PedestrianR40: [63.236403763235, 56.37737895315526, 48.577390776283174]	CyclistR40: [89.28556207726469, 70.66298429865056, 66.3658810071788]	delta: [-0.01861631 -0.03706875 -0.03695331 -0.3498771  -0.27113565 -0.2406392
 -0.12343024 -0.09694266 -0.09977816]
score: [0.1, 0.1, 0.2]	iou: [0.1, 0.1, 0.0]	carR40: [89.97052368485579, 80.78209876250172, 78.25949678933613]	PedestrianR40: [63.236403763235, 56.37737895315526, 48.577390776283174]	CyclistR40: [89.28556207726469, 70.66298429865056, 66.3658810071788]	delta: [ 0.10995213  0.01259482  0.00926458 -0.3498771  -0.27113565 -0.2406392
 -0.12343024 -0.09694266 -0.09977816]
score: [0.1, 0.1, 0.30000000000000004]	iou: [0.1, 0.1, 0.0]	carR40: [89.97052368485579, 80.87727792692178, 78.32282835854971]	PedestrianR40: [63.236403763235, 56.37737895315526, 48.577390776283174]	CyclistR40: [89.28556207726469, 70.66298429865056, 66.3658810071788]	delta: [ 0.10995213  0.10777398  0.07259615 -0.3498771  -0.27113565 -0.2406392
 -0.12343024 -0.09694266 -0.09977816]
score: [0.1, 0.1, 0.4]	iou: [0.1, 0.1, 0.0]	carR40: [89.99575957682467, 80.90876230137448, 78.35549080264228]	PedestrianR40: [63.236403763235, 56.37737895315526, 48.577390776283174]	CyclistR40: [89.28556207726469, 70.66298429865056, 66.3658810071788]	delta: [ 0.13518802  0.13925836  0.1052586  -0.3498771  -0.27113565 -0.2406392
 -0.12343024 -0.09694266 -0.09977816]
score: [0.1, 0.1, 0.5]	iou: [0.1, 0.1, 0.0]	carR40: [90.06943058876908, 80.93383746792568, 78.39707557876349]	PedestrianR40: [63.236403763235, 56.37737895315526, 48.577390776283174]	CyclistR40: [89.28556207726469, 70.66298429865056, 66.3658810071788]	delta: [ 0.20885903  0.16433352  0.14684337 -0.3498771  -0.27113565 -0.2406392
 -0.12343024 -0.09694266 -0.09977816]
score: [0.1, 0.1, 0.6]	iou: [0.1, 0.1, 0.0]	carR40: [90.06943058876908, 80.97021791397235, 78.42944157774507]	PedestrianR40: [63.236403763235, 56.37737895315526, 48.577390776283174]	CyclistR40: [89.28556207726469, 70.66298429865056, 66.3658810071788]	delta: [ 0.20885903  0.20071397  0.17920937 -0.3498771  -0.27113565 -0.2406392
 -0.12343024 -0.09694266 -0.09977816]
score: [0.1, 0.1, 0.7000000000000001]	iou: [0.1, 0.1, 0.0]	carR40: [90.10370384320545, 81.00679954240832, 78.46147431534365]	PedestrianR40: [63.236403763235, 56.37737895315526, 48.577390776283174]	CyclistR40: [89.28556207726469, 70.66298429865056, 66.3658810071788]	delta: [ 0.24313229  0.2372956   0.21124211 -0.3498771  -0.27113565 -0.2406392
 -0.12343024 -0.09694266 -0.09977816]
score: [0.1, 0.1, 0.1]	iou: [0.1, 0.2, 0.0]	carR40: [89.84195524297434, 80.73243519279478, 78.21327890012807]	PedestrianR40: [63.54598934131761, 56.889286419512395, 49.98164180105164]	CyclistR40: [89.28556207726469, 70.6605995266392, 66.36471552083194]	delta: [-0.01861631 -0.03706875 -0.03695331 -0.04029152  0.24077182  1.16361182
 -0.12343024 -0.09932743 -0.10094364]
score: [0.1, 0.1, 0.2]	iou: [0.1, 0.2, 0.0]	carR40: [89.97052368485579, 80.78209876250172, 78.25949678933613]	PedestrianR40: [63.54598934131761, 56.889286419512395, 49.98164180105164]	CyclistR40: [89.28556207726469, 70.6605995266392, 66.36471552083194]	delta: [ 0.10995213  0.01259482  0.00926458 -0.04029152  0.24077182  1.16361182
 -0.12343024 -0.09932743 -0.10094364]
score: [0.1, 0.1, 0.30000000000000004]	iou: [0.1, 0.2, 0.0]	carR40: [89.97052368485579, 80.87727792692178, 78.32282835854971]	PedestrianR40: [63.54598934131761, 56.889286419512395, 49.98164180105164]	CyclistR40: [89.28556207726469, 70.6605995266392, 66.36471552083194]	delta: [ 0.10995213  0.10777398  0.07259615 -0.04029152  0.24077182  1.16361182
 -0.12343024 -0.09932743 -0.10094364]
score: [0.1, 0.1, 0.4]	iou: [0.1, 0.2, 0.0]	carR40: [89.99575957682467, 80.90876230137448, 78.35549080264228]	PedestrianR40: [63.54598934131761, 56.889286419512395, 49.98164180105164]	CyclistR40: [89.28556207726469, 70.6605995266392, 66.36471552083194]	delta: [ 0.13518802  0.13925836  0.1052586  -0.04029152  0.24077182  1.16361182
 -0.12343024 -0.09932743 -0.10094364]
score: [0.1, 0.1, 0.5]	iou: [0.1, 0.2, 0.0]	carR40: [90.06943058876908, 80.93383746792568, 78.39707557876349]	PedestrianR40: [63.54598934131761, 56.889286419512395, 49.98164180105164]	CyclistR40: [89.28556207726469, 70.6605995266392, 66.36471552083194]	delta: [ 0.20885903  0.16433352  0.14684337 -0.04029152  0.24077182  1.16361182
 -0.12343024 -0.09932743 -0.10094364]
score: [0.1, 0.1, 0.6]	iou: [0.1, 0.2, 0.0]	carR40: [90.06943058876908, 80.97021791397235, 78.42944157774507]	PedestrianR40: [63.54598934131761, 56.889286419512395, 49.98164180105164]	CyclistR40: [89.28556207726469, 70.6605995266392, 66.36471552083194]	delta: [ 0.20885903  0.20071397  0.17920937 -0.04029152  0.24077182  1.16361182
 -0.12343024 -0.09932743 -0.10094364]
score: [0.1, 0.1, 0.7000000000000001]	iou: [0.1, 0.2, 0.0]	carR40: [90.10370384320545, 81.00679954240832, 78.46147431534365]	PedestrianR40: [63.54598934131761, 56.889286419512395, 49.98164180105164]	CyclistR40: [89.28556207726469, 70.6605995266392, 66.36471552083194]	delta: [ 0.24313229  0.2372956   0.21124211 -0.04029152  0.24077182  1.16361182
 -0.12343024 -0.09932743 -0.10094364]
score: [0.1, 0.1, 0.1]	iou: [0.1, 0.30000000000000004, 0.0]	carR40: [89.84195524297434, 80.73243519279478, 78.21327890012807]	PedestrianR40: [63.56899294712329, 56.90736331541078, 49.99110170064013]	CyclistR40: [89.2735232673887, 70.61302441264897, 66.31996582517587]	delta: [-0.01861631 -0.03706875 -0.03695331 -0.01728792  0.25884872  1.17307172
 -0.13546905 -0.14690254 -0.14569334]
score: [0.1, 0.1, 0.2]	iou: [0.1, 0.30000000000000004, 0.0]	carR40: [89.97052368485579, 80.78209876250172, 78.25949678933613]	PedestrianR40: [63.56899294712329, 56.90736331541078, 49.99110170064013]	CyclistR40: [89.2735232673887, 70.61302441264897, 66.31996582517587]	delta: [ 0.10995213  0.01259482  0.00926458 -0.01728792  0.25884872  1.17307172
 -0.13546905 -0.14690254 -0.14569334]
score: [0.1, 0.1, 0.30000000000000004]	iou: [0.1, 0.30000000000000004, 0.0]	carR40: [89.97052368485579, 80.87727792692178, 78.32282835854971]	PedestrianR40: [63.56899294712329, 56.90736331541078, 49.99110170064013]	CyclistR40: [89.2735232673887, 70.61302441264897, 66.31996582517587]	delta: [ 0.10995213  0.10777398  0.07259615 -0.01728792  0.25884872  1.17307172
 -0.13546905 -0.14690254 -0.14569334]
score: [0.1, 0.1, 0.4]	iou: [0.1, 0.30000000000000004, 0.0]	carR40: [89.99575957682467, 80.90876230137448, 78.35549080264228]	PedestrianR40: [63.56899294712329, 56.90736331541078, 49.99110170064013]	CyclistR40: [89.2735232673887, 70.61302441264897, 66.31996582517587]	delta: [ 0.13518802  0.13925836  0.1052586  -0.01728792  0.25884872  1.17307172
 -0.13546905 -0.14690254 -0.14569334]
score: [0.1, 0.1, 0.5]	iou: [0.1, 0.30000000000000004, 0.0]	carR40: [90.06943058876908, 80.93383746792568, 78.39707557876349]	PedestrianR40: [63.56899294712329, 56.90736331541078, 49.99110170064013]	CyclistR40: [89.2735232673887, 70.61302441264897, 66.31996582517587]	delta: [ 0.20885903  0.16433352  0.14684337 -0.01728792  0.25884872  1.17307172
 -0.13546905 -0.14690254 -0.14569334]
score: [0.1, 0.1, 0.6]	iou: [0.1, 0.30000000000000004, 0.0]	carR40: [90.06943058876908, 80.97021791397235, 78.42944157774507]	PedestrianR40: [63.56899294712329, 56.90736331541078, 49.99110170064013]	CyclistR40: [89.2735232673887, 70.61302441264897, 66.31996582517587]	delta: [ 0.20885903  0.20071397  0.17920937 -0.01728792  0.25884872  1.17307172
 -0.13546905 -0.14690254 -0.14569334]
score: [0.1, 0.1, 0.7000000000000001]	iou: [0.1, 0.30000000000000004, 0.0]	carR40: [90.10370384320545, 81.00679954240832, 78.46147431534365]	PedestrianR40: [63.56899294712329, 56.90736331541078, 49.99110170064013]	CyclistR40: [89.2735232673887, 70.61302441264897, 66.31996582517587]	delta: [ 0.24313229  0.2372956   0.21124211 -0.01728792  0.25884872  1.17307172
 -0.13546905 -0.14690254 -0.14569334]
score: [0.1, 0.1, 0.1]	iou: [0.1, 0.5, 0.0]	carR40: [89.84195524297434, 80.73243519279478, 78.21327890012807]	PedestrianR40: [63.44972664459632, 56.83381393906889, 49.97261983596674]	CyclistR40: [89.93388165961912, 70.46022399922407, 66.1041483410264]	delta: [-0.01861631 -0.03706875 -0.03695331 -0.13655422  0.18529934  1.15458986
  0.52488934 -0.29970296 -0.36151082]
score: [0.1, 0.1, 0.2]	iou: [0.1, 0.5, 0.0]	carR40: [89.97052368485579, 80.78209876250172, 78.25949678933613]	PedestrianR40: [63.44972664459632, 56.83381393906889, 49.97261983596674]	CyclistR40: [89.93388165961912, 70.46022399922407, 66.1041483410264]	delta: [ 0.10995213  0.01259482  0.00926458 -0.13655422  0.18529934  1.15458986
  0.52488934 -0.29970296 -0.36151082]
score: [0.1, 0.1, 0.30000000000000004]	iou: [0.1, 0.5, 0.0]	carR40: [89.97052368485579, 80.87727792692178, 78.32282835854971]	PedestrianR40: [63.44972664459632, 56.83381393906889, 49.97261983596674]	CyclistR40: [89.93388165961912, 70.46022399922407, 66.1041483410264]	delta: [ 0.10995213  0.10777398  0.07259615 -0.13655422  0.18529934  1.15458986
  0.52488934 -0.29970296 -0.36151082]
score: [0.1, 0.1, 0.4]	iou: [0.1, 0.5, 0.0]	carR40: [89.99575957682467, 80.90876230137448, 78.35549080264228]	PedestrianR40: [63.44972664459632, 56.83381393906889, 49.97261983596674]	CyclistR40: [89.93388165961912, 70.46022399922407, 66.1041483410264]	delta: [ 0.13518802  0.13925836  0.1052586  -0.13655422  0.18529934  1.15458986
  0.52488934 -0.29970296 -0.36151082]
score: [0.1, 0.1, 0.5]	iou: [0.1, 0.5, 0.0]	carR40: [90.06943058876908, 80.93383746792568, 78.39707557876349]	PedestrianR40: [63.44972664459632, 56.83381393906889, 49.97261983596674]	CyclistR40: [89.93388165961912, 70.46022399922407, 66.1041483410264]	delta: [ 0.20885903  0.16433352  0.14684337 -0.13655422  0.18529934  1.15458986
  0.52488934 -0.29970296 -0.36151082]
score: [0.1, 0.1, 0.6]	iou: [0.1, 0.5, 0.0]	carR40: [90.06943058876908, 80.97021791397235, 78.42944157774507]	PedestrianR40: [63.44972664459632, 56.83381393906889, 49.97261983596674]	CyclistR40: [89.93388165961912, 70.46022399922407, 66.1041483410264]	delta: [ 0.20885903  0.20071397  0.17920937 -0.13655422  0.18529934  1.15458986
  0.52488934 -0.29970296 -0.36151082]
score: [0.1, 0.1, 0.7000000000000001]	iou: [0.1, 0.5, 0.0]	carR40: [90.10370384320545, 81.00679954240832, 78.46147431534365]	PedestrianR40: [63.44972664459632, 56.83381393906889, 49.97261983596674]	CyclistR40: [89.93388165961912, 70.46022399922407, 66.1041483410264]	delta: [ 0.24313229  0.2372956   0.21124211 -0.13655422  0.18529934  1.15458986
  0.52488934 -0.29970296 -0.36151082]
score: [0.1, 0.1, 0.1]	iou: [0.2, 0.1, 0.0]	carR40: [89.84195524297434, 80.73243519279478, 78.21327890012807]	PedestrianR40: [63.236403763235, 56.37715145940698, 48.57717671745152]	CyclistR40: [89.28556207726469, 70.66298429865056, 66.3658810071788]	delta: [-0.01861631 -0.03706875 -0.03695331 -0.3498771  -0.27136314 -0.24085326
 -0.12343024 -0.09694266 -0.09977816]
score: [0.1, 0.1, 0.2]	iou: [0.2, 0.1, 0.0]	carR40: [89.97052368485579, 80.78209876250172, 78.25949678933613]	PedestrianR40: [63.236403763235, 56.37715145940698, 48.57717671745152]	CyclistR40: [89.28556207726469, 70.66298429865056, 66.3658810071788]	delta: [ 0.10995213  0.01259482  0.00926458 -0.3498771  -0.27136314 -0.24085326
 -0.12343024 -0.09694266 -0.09977816]
score: [0.1, 0.1, 0.30000000000000004]	iou: [0.2, 0.1, 0.0]	carR40: [89.97052368485579, 80.87727792692178, 78.32282835854971]	PedestrianR40: [63.236403763235, 56.37715145940698, 48.57717671745152]	CyclistR40: [89.28556207726469, 70.66298429865056, 66.3658810071788]	delta: [ 0.10995213  0.10777398  0.07259615 -0.3498771  -0.27136314 -0.24085326
 -0.12343024 -0.09694266 -0.09977816]
score: [0.1, 0.1, 0.4]	iou: [0.2, 0.1, 0.0]	carR40: [89.99575957682467, 80.90876230137448, 78.35549080264228]	PedestrianR40: [63.236403763235, 56.37715145940698, 48.57717671745152]	CyclistR40: [89.28556207726469, 70.66298429865056, 66.3658810071788]	delta: [ 0.13518802  0.13925836  0.1052586  -0.3498771  -0.27136314 -0.24085326
 -0.12343024 -0.09694266 -0.09977816]
score: [0.1, 0.1, 0.5]	iou: [0.2, 0.1, 0.0]	carR40: [90.06943058876908, 80.93383746792568, 78.39707557876349]	PedestrianR40: [63.236403763235, 56.37715145940698, 48.57717671745152]	CyclistR40: [89.28556207726469, 70.66298429865056, 66.3658810071788]	delta: [ 0.20885903  0.16433352  0.14684337 -0.3498771  -0.27136314 -0.24085326
 -0.12343024 -0.09694266 -0.09977816]
score: [0.1, 0.1, 0.6]	iou: [0.2, 0.1, 0.0]	carR40: [90.06943058876908, 80.97021791397235, 78.42944157774507]	PedestrianR40: [63.236403763235, 56.37715145940698, 48.57717671745152]	CyclistR40: [89.28556207726469, 70.66298429865056, 66.3658810071788]	delta: [ 0.20885903  0.20071397  0.17920937 -0.3498771  -0.27136314 -0.24085326
 -0.12343024 -0.09694266 -0.09977816]
score: [0.1, 0.1, 0.7000000000000001]	iou: [0.2, 0.1, 0.0]	carR40: [90.10370384320545, 81.00679954240832, 78.46147431534365]	PedestrianR40: [63.236403763235, 56.37715145940698, 48.57717671745152]	CyclistR40: [89.28556207726469, 70.66298429865056, 66.3658810071788]	delta: [ 0.24313229  0.2372956   0.21124211 -0.3498771  -0.27136314 -0.24085326
 -0.12343024 -0.09694266 -0.09977816]
score: [0.1, 0.1, 0.1]	iou: [0.2, 0.2, 0.0]	carR40: [89.84195524297434, 80.73243519279478, 78.21327890012807]	PedestrianR40: [63.54598934131761, 56.88905913822938, 49.98142791696337]	CyclistR40: [89.28556207726469, 70.6605995266392, 66.36471552083194]	delta: [-0.01861631 -0.03706875 -0.03695331 -0.04029152  0.24054454  1.16339794
 -0.12343024 -0.09932743 -0.10094364]
score: [0.1, 0.1, 0.2]	iou: [0.2, 0.2, 0.0]	carR40: [89.97052368485579, 80.78209876250172, 78.25949678933613]	PedestrianR40: [63.54598934131761, 56.88905913822938, 49.98142791696337]	CyclistR40: [89.28556207726469, 70.6605995266392, 66.36471552083194]	delta: [ 0.10995213  0.01259482  0.00926458 -0.04029152  0.24054454  1.16339794
 -0.12343024 -0.09932743 -0.10094364]
score: [0.1, 0.1, 0.30000000000000004]	iou: [0.2, 0.2, 0.0]	carR40: [89.97052368485579, 80.87727792692178, 78.32282835854971]	PedestrianR40: [63.54598934131761, 56.88905913822938, 49.98142791696337]	CyclistR40: [89.28556207726469, 70.6605995266392, 66.36471552083194]	delta: [ 0.10995213  0.10777398  0.07259615 -0.04029152  0.24054454  1.16339794
 -0.12343024 -0.09932743 -0.10094364]
score: [0.1, 0.1, 0.4]	iou: [0.2, 0.2, 0.0]	carR40: [89.99575957682467, 80.90876230137448, 78.35549080264228]	PedestrianR40: [63.54598934131761, 56.88905913822938, 49.98142791696337]	CyclistR40: [89.28556207726469, 70.6605995266392, 66.36471552083194]	delta: [ 0.13518802  0.13925836  0.1052586  -0.04029152  0.24054454  1.16339794
 -0.12343024 -0.09932743 -0.10094364]
score: [0.1, 0.1, 0.5]	iou: [0.2, 0.2, 0.0]	carR40: [90.06943058876908, 80.93383746792568, 78.39707557876349]	PedestrianR40: [63.54598934131761, 56.88905913822938, 49.98142791696337]	CyclistR40: [89.28556207726469, 70.6605995266392, 66.36471552083194]	delta: [ 0.20885903  0.16433352  0.14684337 -0.04029152  0.24054454  1.16339794
 -0.12343024 -0.09932743 -0.10094364]
score: [0.1, 0.1, 0.6]	iou: [0.2, 0.2, 0.0]	carR40: [90.06943058876908, 80.97021791397235, 78.42944157774507]	PedestrianR40: [63.54598934131761, 56.88905913822938, 49.98142791696337]	CyclistR40: [89.28556207726469, 70.6605995266392, 66.36471552083194]	delta: [ 0.20885903  0.20071397  0.17920937 -0.04029152  0.24054454  1.16339794
 -0.12343024 -0.09932743 -0.10094364]
score: [0.1, 0.1, 0.7000000000000001]	iou: [0.2, 0.2, 0.0]	carR40: [90.10370384320545, 81.00679954240832, 78.46147431534365]	PedestrianR40: [63.54598934131761, 56.88905913822938, 49.98142791696337]	CyclistR40: [89.28556207726469, 70.6605995266392, 66.36471552083194]	delta: [ 0.24313229  0.2372956   0.21124211 -0.04029152  0.24054454  1.16339794
 -0.12343024 -0.09932743 -0.10094364]
score: [0.1, 0.1, 0.1]	iou: [0.2, 0.30000000000000004, 0.0]	carR40: [89.84195524297434, 80.73243519279478, 78.21327890012807]	PedestrianR40: [63.56899294712329, 56.907137650952635, 49.9908893360286]	CyclistR40: [89.2735232673887, 70.61302441264897, 66.31996582517587]	delta: [-0.01861631 -0.03706875 -0.03695331 -0.01728792  0.25862305  1.17285936
 -0.13546905 -0.14690254 -0.14569334]
score: [0.1, 0.1, 0.2]	iou: [0.2, 0.30000000000000004, 0.0]	carR40: [89.97052368485579, 80.78209876250172, 78.25949678933613]	PedestrianR40: [63.56899294712329, 56.907137650952635, 49.9908893360286]	CyclistR40: [89.2735232673887, 70.61302441264897, 66.31996582517587]	delta: [ 0.10995213  0.01259482  0.00926458 -0.01728792  0.25862305  1.17285936
 -0.13546905 -0.14690254 -0.14569334]
score: [0.1, 0.1, 0.30000000000000004]	iou: [0.2, 0.30000000000000004, 0.0]	carR40: [89.97052368485579, 80.87727792692178, 78.32282835854971]	PedestrianR40: [63.56899294712329, 56.907137650952635, 49.9908893360286]	CyclistR40: [89.2735232673887, 70.61302441264897, 66.31996582517587]	delta: [ 0.10995213  0.10777398  0.07259615 -0.01728792  0.25862305  1.17285936
 -0.13546905 -0.14690254 -0.14569334]
score: [0.1, 0.1, 0.4]	iou: [0.2, 0.30000000000000004, 0.0]	carR40: [89.99575957682467, 80.90876230137448, 78.35549080264228]	PedestrianR40: [63.56899294712329, 56.907137650952635, 49.9908893360286]	CyclistR40: [89.2735232673887, 70.61302441264897, 66.31996582517587]	delta: [ 0.13518802  0.13925836  0.1052586  -0.01728792  0.25862305  1.17285936
 -0.13546905 -0.14690254 -0.14569334]
score: [0.1, 0.1, 0.5]	iou: [0.2, 0.30000000000000004, 0.0]	carR40: [90.06943058876908, 80.93383746792568, 78.39707557876349]	PedestrianR40: [63.56899294712329, 56.907137650952635, 49.9908893360286]	CyclistR40: [89.2735232673887, 70.61302441264897, 66.31996582517587]	delta: [ 0.20885903  0.16433352  0.14684337 -0.01728792  0.25862305  1.17285936
 -0.13546905 -0.14690254 -0.14569334]
score: [0.1, 0.1, 0.6]	iou: [0.2, 0.30000000000000004, 0.0]	carR40: [90.06943058876908, 80.97021791397235, 78.42944157774507]	PedestrianR40: [63.56899294712329, 56.907137650952635, 49.9908893360286]	CyclistR40: [89.2735232673887, 70.61302441264897, 66.31996582517587]	delta: [ 0.20885903  0.20071397  0.17920937 -0.01728792  0.25862305  1.17285936
 -0.13546905 -0.14690254 -0.14569334]
score: [0.1, 0.1, 0.7000000000000001]	iou: [0.2, 0.30000000000000004, 0.0]	carR40: [90.10370384320545, 81.00679954240832, 78.46147431534365]	PedestrianR40: [63.56899294712329, 56.907137650952635, 49.9908893360286]	CyclistR40: [89.2735232673887, 70.61302441264897, 66.31996582517587]	delta: [ 0.24313229  0.2372956   0.21124211 -0.01728792  0.25862305  1.17285936
 -0.13546905 -0.14690254 -0.14569334]
score: [0.1, 0.1, 0.1]	iou: [0.2, 0.5, 0.0]	carR40: [89.84195524297434, 80.73243519279478, 78.21327890012807]	PedestrianR40: [63.44972664459632, 56.83360371590784, 49.97242235835099]	CyclistR40: [89.93388165961912, 70.46022399922407, 66.1041483410264]	delta: [-0.01861631 -0.03706875 -0.03695331 -0.13655422  0.18508912  1.15439238
  0.52488934 -0.29970296 -0.36151082]
score: [0.1, 0.1, 0.2]	iou: [0.2, 0.5, 0.0]	carR40: [89.97052368485579, 80.78209876250172, 78.25949678933613]	PedestrianR40: [63.44972664459632, 56.83360371590784, 49.97242235835099]	CyclistR40: [89.93388165961912, 70.46022399922407, 66.1041483410264]	delta: [ 0.10995213  0.01259482  0.00926458 -0.13655422  0.18508912  1.15439238
  0.52488934 -0.29970296 -0.36151082]
score: [0.1, 0.1, 0.30000000000000004]	iou: [0.2, 0.5, 0.0]	carR40: [89.97052368485579, 80.87727792692178, 78.32282835854971]	PedestrianR40: [63.44972664459632, 56.83360371590784, 49.97242235835099]	CyclistR40: [89.93388165961912, 70.46022399922407, 66.1041483410264]	delta: [ 0.10995213  0.10777398  0.07259615 -0.13655422  0.18508912  1.15439238
  0.52488934 -0.29970296 -0.36151082]
score: [0.1, 0.1, 0.4]	iou: [0.2, 0.5, 0.0]	carR40: [89.99575957682467, 80.90876230137448, 78.35549080264228]	PedestrianR40: [63.44972664459632, 56.83360371590784, 49.97242235835099]	CyclistR40: [89.93388165961912, 70.46022399922407, 66.1041483410264]	delta: [ 0.13518802  0.13925836  0.1052586  -0.13655422  0.18508912  1.15439238
  0.52488934 -0.29970296 -0.36151082]
score: [0.1, 0.1, 0.5]	iou: [0.2, 0.5, 0.0]	carR40: [90.06943058876908, 80.93383746792568, 78.39707557876349]	PedestrianR40: [63.44972664459632, 56.83360371590784, 49.97242235835099]	CyclistR40: [89.93388165961912, 70.46022399922407, 66.1041483410264]	delta: [ 0.20885903  0.16433352  0.14684337 -0.13655422  0.18508912  1.15439238
  0.52488934 -0.29970296 -0.36151082]
score: [0.1, 0.1, 0.6]	iou: [0.2, 0.5, 0.0]	carR40: [90.06943058876908, 80.97021791397235, 78.42944157774507]	PedestrianR40: [63.44972664459632, 56.83360371590784, 49.97242235835099]	CyclistR40: [89.93388165961912, 70.46022399922407, 66.1041483410264]	delta: [ 0.20885903  0.20071397  0.17920937 -0.13655422  0.18508912  1.15439238
  0.52488934 -0.29970296 -0.36151082]
score: [0.1, 0.1, 0.7000000000000001]	iou: [0.2, 0.5, 0.0]	carR40: [90.10370384320545, 81.00679954240832, 78.46147431534365]	PedestrianR40: [63.44972664459632, 56.83360371590784, 49.97242235835099]	CyclistR40: [89.93388165961912, 70.46022399922407, 66.1041483410264]	delta: [ 0.24313229  0.2372956   0.21124211 -0.13655422  0.18508912  1.15439238
  0.52488934 -0.29970296 -0.36151082]
score: [0.1, 0.1, 0.1]	iou: [0.30000000000000004, 0.1, 0.0]	carR40: [89.84195524297434, 80.73230996000913, 78.21316174031254]	PedestrianR40: [63.236403763235, 56.37715145940698, 48.57717671745152]	CyclistR40: [89.28556207726469, 70.66182326555015, 66.36471552083194]	delta: [-0.01861631 -0.03719398 -0.03707047 -0.3498771  -0.27136314 -0.24085326
 -0.12343024 -0.09810369 -0.10094364]
score: [0.1, 0.1, 0.2]	iou: [0.30000000000000004, 0.1, 0.0]	carR40: [89.97052368485579, 80.78209876250172, 78.25949678933613]	PedestrianR40: [63.236403763235, 56.37715145940698, 48.57717671745152]	CyclistR40: [89.28556207726469, 70.66182326555015, 66.36471552083194]	delta: [ 0.10995213  0.01259482  0.00926458 -0.3498771  -0.27136314 -0.24085326
 -0.12343024 -0.09810369 -0.10094364]
score: [0.1, 0.1, 0.30000000000000004]	iou: [0.30000000000000004, 0.1, 0.0]	carR40: [89.97052368485579, 80.87727792692178, 78.32282835854971]	PedestrianR40: [63.236403763235, 56.37715145940698, 48.57717671745152]	CyclistR40: [89.28556207726469, 70.66182326555015, 66.36471552083194]	delta: [ 0.10995213  0.10777398  0.07259615 -0.3498771  -0.27136314 -0.24085326
 -0.12343024 -0.09810369 -0.10094364]
score: [0.1, 0.1, 0.4]	iou: [0.30000000000000004, 0.1, 0.0]	carR40: [89.99575957682467, 80.90876230137448, 78.35549080264228]	PedestrianR40: [63.236403763235, 56.37715145940698, 48.57717671745152]	CyclistR40: [89.28556207726469, 70.66182326555015, 66.36471552083194]	delta: [ 0.13518802  0.13925836  0.1052586  -0.3498771  -0.27136314 -0.24085326
 -0.12343024 -0.09810369 -0.10094364]
score: [0.1, 0.1, 0.5]	iou: [0.30000000000000004, 0.1, 0.0]	carR40: [90.06943058876908, 80.93383746792568, 78.39707557876349]	PedestrianR40: [63.236403763235, 56.37715145940698, 48.57717671745152]	CyclistR40: [89.28556207726469, 70.66182326555015, 66.36471552083194]	delta: [ 0.20885903  0.16433352  0.14684337 -0.3498771  -0.27136314 -0.24085326
 -0.12343024 -0.09810369 -0.10094364]
score: [0.1, 0.1, 0.6]	iou: [0.30000000000000004, 0.1, 0.0]	carR40: [90.06943058876908, 80.97021791397235, 78.42944157774507]	PedestrianR40: [63.236403763235, 56.37715145940698, 48.57717671745152]	CyclistR40: [89.28556207726469, 70.66182326555015, 66.36471552083194]	delta: [ 0.20885903  0.20071397  0.17920937 -0.3498771  -0.27136314 -0.24085326
 -0.12343024 -0.09810369 -0.10094364]
score: [0.1, 0.1, 0.7000000000000001]	iou: [0.30000000000000004, 0.1, 0.0]	carR40: [90.10370384320545, 81.00679954240832, 78.46147431534365]	PedestrianR40: [63.236403763235, 56.37715145940698, 48.57717671745152]	CyclistR40: [89.28556207726469, 70.66182326555015, 66.36471552083194]	delta: [ 0.24313229  0.2372956   0.21124211 -0.3498771  -0.27136314 -0.24085326
 -0.12343024 -0.09810369 -0.10094364]
score: [0.1, 0.1, 0.1]	iou: [0.30000000000000004, 0.2, 0.0]	carR40: [89.84195524297434, 80.73230996000913, 78.21316174031254]	PedestrianR40: [63.54598934131761, 56.88905913822938, 49.98142791696337]	CyclistR40: [89.28556207726469, 70.65944091994028, 66.36355243014049]	delta: [-0.01861631 -0.03719398 -0.03707047 -0.04029152  0.24054454  1.16339794
 -0.12343024 -0.10048603 -0.10210673]
score: [0.1, 0.1, 0.2]	iou: [0.30000000000000004, 0.2, 0.0]	carR40: [89.97052368485579, 80.78209876250172, 78.25949678933613]	PedestrianR40: [63.54598934131761, 56.88905913822938, 49.98142791696337]	CyclistR40: [89.28556207726469, 70.65944091994028, 66.36355243014049]	delta: [ 0.10995213  0.01259482  0.00926458 -0.04029152  0.24054454  1.16339794
 -0.12343024 -0.10048603 -0.10210673]
score: [0.1, 0.1, 0.30000000000000004]	iou: [0.30000000000000004, 0.2, 0.0]	carR40: [89.97052368485579, 80.87727792692178, 78.32282835854971]	PedestrianR40: [63.54598934131761, 56.88905913822938, 49.98142791696337]	CyclistR40: [89.28556207726469, 70.65944091994028, 66.36355243014049]	delta: [ 0.10995213  0.10777398  0.07259615 -0.04029152  0.24054454  1.16339794
 -0.12343024 -0.10048603 -0.10210673]
score: [0.1, 0.1, 0.4]	iou: [0.30000000000000004, 0.2, 0.0]	carR40: [89.99575957682467, 80.90876230137448, 78.35549080264228]	PedestrianR40: [63.54598934131761, 56.88905913822938, 49.98142791696337]	CyclistR40: [89.28556207726469, 70.65944091994028, 66.36355243014049]	delta: [ 0.13518802  0.13925836  0.1052586  -0.04029152  0.24054454  1.16339794
 -0.12343024 -0.10048603 -0.10210673]
score: [0.1, 0.1, 0.5]	iou: [0.30000000000000004, 0.2, 0.0]	carR40: [90.06943058876908, 80.93383746792568, 78.39707557876349]	PedestrianR40: [63.54598934131761, 56.88905913822938, 49.98142791696337]	CyclistR40: [89.28556207726469, 70.65944091994028, 66.36355243014049]	delta: [ 0.20885903  0.16433352  0.14684337 -0.04029152  0.24054454  1.16339794
 -0.12343024 -0.10048603 -0.10210673]
score: [0.1, 0.1, 0.6]	iou: [0.30000000000000004, 0.2, 0.0]	carR40: [90.06943058876908, 80.97021791397235, 78.42944157774507]	PedestrianR40: [63.54598934131761, 56.88905913822938, 49.98142791696337]	CyclistR40: [89.28556207726469, 70.65944091994028, 66.36355243014049]	delta: [ 0.20885903  0.20071397  0.17920937 -0.04029152  0.24054454  1.16339794
 -0.12343024 -0.10048603 -0.10210673]
score: [0.1, 0.1, 0.7000000000000001]	iou: [0.30000000000000004, 0.2, 0.0]	carR40: [90.10370384320545, 81.00679954240832, 78.46147431534365]	PedestrianR40: [63.54598934131761, 56.88905913822938, 49.98142791696337]	CyclistR40: [89.28556207726469, 70.65944091994028, 66.36355243014049]	delta: [ 0.24313229  0.2372956   0.21124211 -0.04029152  0.24054454  1.16339794
 -0.12343024 -0.10048603 -0.10210673]
score: [0.1, 0.1, 0.1]	iou: [0.30000000000000004, 0.30000000000000004, 0.0]	carR40: [89.84195524297434, 80.73230996000913, 78.21316174031254]	PedestrianR40: [63.56899294712329, 56.907137650952635, 49.9908893360286]	CyclistR40: [89.2735232673887, 70.61189433904494, 66.31883091534962]	delta: [-0.01861631 -0.03719398 -0.03707047 -0.01728792  0.25862305  1.17285936
 -0.13546905 -0.14803262 -0.14682825]
score: [0.1, 0.1, 0.2]	iou: [0.30000000000000004, 0.30000000000000004, 0.0]	carR40: [89.97052368485579, 80.78209876250172, 78.25949678933613]	PedestrianR40: [63.56899294712329, 56.907137650952635, 49.9908893360286]	CyclistR40: [89.2735232673887, 70.61189433904494, 66.31883091534962]	delta: [ 0.10995213  0.01259482  0.00926458 -0.01728792  0.25862305  1.17285936
 -0.13546905 -0.14803262 -0.14682825]
score: [0.1, 0.1, 0.30000000000000004]	iou: [0.30000000000000004, 0.30000000000000004, 0.0]	carR40: [89.97052368485579, 80.87727792692178, 78.32282835854971]	PedestrianR40: [63.56899294712329, 56.907137650952635, 49.9908893360286]	CyclistR40: [89.2735232673887, 70.61189433904494, 66.31883091534962]	delta: [ 0.10995213  0.10777398  0.07259615 -0.01728792  0.25862305  1.17285936
 -0.13546905 -0.14803262 -0.14682825]
score: [0.1, 0.1, 0.4]	iou: [0.30000000000000004, 0.30000000000000004, 0.0]	carR40: [89.99575957682467, 80.90876230137448, 78.35549080264228]	PedestrianR40: [63.56899294712329, 56.907137650952635, 49.9908893360286]	CyclistR40: [89.2735232673887, 70.61189433904494, 66.31883091534962]	delta: [ 0.13518802  0.13925836  0.1052586  -0.01728792  0.25862305  1.17285936
 -0.13546905 -0.14803262 -0.14682825]
score: [0.1, 0.1, 0.5]	iou: [0.30000000000000004, 0.30000000000000004, 0.0]	carR40: [90.06943058876908, 80.93383746792568, 78.39707557876349]	PedestrianR40: [63.56899294712329, 56.907137650952635, 49.9908893360286]	CyclistR40: [89.2735232673887, 70.61189433904494, 66.31883091534962]	delta: [ 0.20885903  0.16433352  0.14684337 -0.01728792  0.25862305  1.17285936
 -0.13546905 -0.14803262 -0.14682825]
score: [0.1, 0.1, 0.6]	iou: [0.30000000000000004, 0.30000000000000004, 0.0]	carR40: [90.06943058876908, 80.97021791397235, 78.42944157774507]	PedestrianR40: [63.56899294712329, 56.907137650952635, 49.9908893360286]	CyclistR40: [89.2735232673887, 70.61189433904494, 66.31883091534962]	delta: [ 0.20885903  0.20071397  0.17920937 -0.01728792  0.25862305  1.17285936
 -0.13546905 -0.14803262 -0.14682825]
score: [0.1, 0.1, 0.7000000000000001]	iou: [0.30000000000000004, 0.30000000000000004, 0.0]	carR40: [90.10370384320545, 81.00679954240832, 78.46147431534365]	PedestrianR40: [63.56899294712329, 56.907137650952635, 49.9908893360286]	CyclistR40: [89.2735232673887, 70.61189433904494, 66.31883091534962]	delta: [ 0.24313229  0.2372956   0.21124211 -0.01728792  0.25862305  1.17285936
 -0.13546905 -0.14803262 -0.14682825]
score: [0.1, 0.1, 0.1]	iou: [0.30000000000000004, 0.5, 0.0]	carR40: [89.84195524297434, 80.73230996000913, 78.21316174031254]	PedestrianR40: [63.44972664459632, 56.83360371590784, 49.97242235835099]	CyclistR40: [89.93388165961912, 70.45924925758766, 66.10316730274685]	delta: [-0.01861631 -0.03719398 -0.03707047 -0.13655422  0.18508912  1.15439238
  0.52488934 -0.3006777  -0.36249186]
score: [0.1, 0.1, 0.2]	iou: [0.30000000000000004, 0.5, 0.0]	carR40: [89.97052368485579, 80.78209876250172, 78.25949678933613]	PedestrianR40: [63.44972664459632, 56.83360371590784, 49.97242235835099]	CyclistR40: [89.93388165961912, 70.45924925758766, 66.10316730274685]	delta: [ 0.10995213  0.01259482  0.00926458 -0.13655422  0.18508912  1.15439238
  0.52488934 -0.3006777  -0.36249186]
score: [0.1, 0.1, 0.30000000000000004]	iou: [0.30000000000000004, 0.5, 0.0]	carR40: [89.97052368485579, 80.87727792692178, 78.32282835854971]	PedestrianR40: [63.44972664459632, 56.83360371590784, 49.97242235835099]	CyclistR40: [89.93388165961912, 70.45924925758766, 66.10316730274685]	delta: [ 0.10995213  0.10777398  0.07259615 -0.13655422  0.18508912  1.15439238
  0.52488934 -0.3006777  -0.36249186]
score: [0.1, 0.1, 0.4]	iou: [0.30000000000000004, 0.5, 0.0]	carR40: [89.99575957682467, 80.90876230137448, 78.35549080264228]	PedestrianR40: [63.44972664459632, 56.83360371590784, 49.97242235835099]	CyclistR40: [89.93388165961912, 70.45924925758766, 66.10316730274685]	delta: [ 0.13518802  0.13925836  0.1052586  -0.13655422  0.18508912  1.15439238
  0.52488934 -0.3006777  -0.36249186]
score: [0.1, 0.1, 0.5]	iou: [0.30000000000000004, 0.5, 0.0]	carR40: [90.06943058876908, 80.93383746792568, 78.39707557876349]	PedestrianR40: [63.44972664459632, 56.83360371590784, 49.97242235835099]	CyclistR40: [89.93388165961912, 70.45924925758766, 66.10316730274685]	delta: [ 0.20885903  0.16433352  0.14684337 -0.13655422  0.18508912  1.15439238
  0.52488934 -0.3006777  -0.36249186]
score: [0.1, 0.1, 0.6]	iou: [0.30000000000000004, 0.5, 0.0]	carR40: [90.06943058876908, 80.97021791397235, 78.42944157774507]	PedestrianR40: [63.44972664459632, 56.83360371590784, 49.97242235835099]	CyclistR40: [89.93388165961912, 70.45924925758766, 66.10316730274685]	delta: [ 0.20885903  0.20071397  0.17920937 -0.13655422  0.18508912  1.15439238
  0.52488934 -0.3006777  -0.36249186]
score: [0.1, 0.1, 0.7000000000000001]	iou: [0.30000000000000004, 0.5, 0.0]	carR40: [90.10370384320545, 81.00679954240832, 78.46147431534365]	PedestrianR40: [63.44972664459632, 56.83360371590784, 49.97242235835099]	CyclistR40: [89.93388165961912, 70.45924925758766, 66.10316730274685]	delta: [ 0.24313229  0.2372956   0.21124211 -0.13655422  0.18508912  1.15439238
  0.52488934 -0.3006777  -0.36249186]
score: [0.1, 0.1, 0.1]	iou: [0.4, 0.1, 0.0]	carR40: [89.84163979207672, 80.73205955973692, 78.21292747160207]	PedestrianR40: [63.236403763235, 56.37715145940698, 48.57717671745152]	CyclistR40: [89.28556207726469, 70.65944091994028, 66.36213364344772]	delta: [-0.01893177 -0.03744438 -0.03730473 -0.3498771  -0.27136314 -0.24085326
 -0.12343024 -0.10048603 -0.10352552]
score: [0.1, 0.1, 0.2]	iou: [0.4, 0.1, 0.0]	carR40: [89.97014993726489, 80.78183071704383, 78.25924887595615]	PedestrianR40: [63.236403763235, 56.37715145940698, 48.57717671745152]	CyclistR40: [89.28556207726469, 70.65944091994028, 66.36213364344772]	delta: [ 0.10957838  0.01232677  0.00901667 -0.3498771  -0.27136314 -0.24085326
 -0.12343024 -0.10048603 -0.10352552]
score: [0.1, 0.1, 0.30000000000000004]	iou: [0.4, 0.1, 0.0]	carR40: [89.97014993726489, 80.87697451208577, 78.32256114926587]	PedestrianR40: [63.236403763235, 56.37715145940698, 48.57717671745152]	CyclistR40: [89.28556207726469, 70.65944091994028, 66.36213364344772]	delta: [ 0.10957838  0.10747057  0.07232894 -0.3498771  -0.27136314 -0.24085326
 -0.12343024 -0.10048603 -0.10352552]
score: [0.1, 0.1, 0.4]	iou: [0.4, 0.1, 0.0]	carR40: [89.99537368859905, 80.90844667137401, 78.35521323400043]	PedestrianR40: [63.236403763235, 56.37715145940698, 48.57717671745152]	CyclistR40: [89.28556207726469, 70.65944091994028, 66.36213364344772]	delta: [ 0.13480213  0.13894273  0.10498103 -0.3498771  -0.27136314 -0.24085326
 -0.12343024 -0.10048603 -0.10352552]
score: [0.1, 0.1, 0.5]	iou: [0.4, 0.1, 0.0]	carR40: [90.06943058876908, 80.93351182733993, 78.39678453907176]	PedestrianR40: [63.236403763235, 56.37715145940698, 48.57717671745152]	CyclistR40: [89.28556207726469, 70.65944091994028, 66.36213364344772]	delta: [ 0.20885903  0.16400788  0.14655233 -0.3498771  -0.27136314 -0.24085326
 -0.12343024 -0.10048603 -0.10352552]
score: [0.1, 0.1, 0.6]	iou: [0.4, 0.1, 0.0]	carR40: [90.06943058876908, 80.96987743001291, 78.429139747055]	PedestrianR40: [63.236403763235, 56.37715145940698, 48.57717671745152]	CyclistR40: [89.28556207726469, 70.65944091994028, 66.36213364344772]	delta: [ 0.20885903  0.20037349  0.17890754 -0.3498771  -0.27136314 -0.24085326
 -0.12343024 -0.10048603 -0.10352552]
score: [0.1, 0.1, 0.7000000000000001]	iou: [0.4, 0.1, 0.0]	carR40: [90.10370384320545, 81.00644373542801, 78.46116138926598]	PedestrianR40: [63.236403763235, 56.37715145940698, 48.57717671745152]	CyclistR40: [89.28556207726469, 70.65944091994028, 66.36213364344772]	delta: [ 0.24313229  0.23693979  0.21092918 -0.3498771  -0.27136314 -0.24085326
 -0.12343024 -0.10048603 -0.10352552]
score: [0.1, 0.1, 0.1]	iou: [0.4, 0.2, 0.0]	carR40: [89.84163979207672, 80.73205955973692, 78.21292747160207]	PedestrianR40: [63.54598934131761, 56.88905913822938, 49.98142791696337]	CyclistR40: [89.28556207726469, 70.6570636248301, 66.36097294103283]	delta: [-0.01893177 -0.03744438 -0.03730473 -0.04029152  0.24054454  1.16339794
 -0.12343024 -0.10286333 -0.10468622]
score: [0.1, 0.1, 0.2]	iou: [0.4, 0.2, 0.0]	carR40: [89.97014993726489, 80.78183071704383, 78.25924887595615]	PedestrianR40: [63.54598934131761, 56.88905913822938, 49.98142791696337]	CyclistR40: [89.28556207726469, 70.6570636248301, 66.36097294103283]	delta: [ 0.10957838  0.01232677  0.00901667 -0.04029152  0.24054454  1.16339794
 -0.12343024 -0.10286333 -0.10468622]
score: [0.1, 0.1, 0.30000000000000004]	iou: [0.4, 0.2, 0.0]	carR40: [89.97014993726489, 80.87697451208577, 78.32256114926587]	PedestrianR40: [63.54598934131761, 56.88905913822938, 49.98142791696337]	CyclistR40: [89.28556207726469, 70.6570636248301, 66.36097294103283]	delta: [ 0.10957838  0.10747057  0.07232894 -0.04029152  0.24054454  1.16339794
 -0.12343024 -0.10286333 -0.10468622]
score: [0.1, 0.1, 0.4]	iou: [0.4, 0.2, 0.0]	carR40: [89.99537368859905, 80.90844667137401, 78.35521323400043]	PedestrianR40: [63.54598934131761, 56.88905913822938, 49.98142791696337]	CyclistR40: [89.28556207726469, 70.6570636248301, 66.36097294103283]	delta: [ 0.13480213  0.13894273  0.10498103 -0.04029152  0.24054454  1.16339794
 -0.12343024 -0.10286333 -0.10468622]
score: [0.1, 0.1, 0.5]	iou: [0.4, 0.2, 0.0]	carR40: [90.06943058876908, 80.93351182733993, 78.39678453907176]	PedestrianR40: [63.54598934131761, 56.88905913822938, 49.98142791696337]	CyclistR40: [89.28556207726469, 70.6570636248301, 66.36097294103283]	delta: [ 0.20885903  0.16400788  0.14655233 -0.04029152  0.24054454  1.16339794
 -0.12343024 -0.10286333 -0.10468622]
score: [0.1, 0.1, 0.6]	iou: [0.4, 0.2, 0.0]	carR40: [90.06943058876908, 80.96987743001291, 78.429139747055]	PedestrianR40: [63.54598934131761, 56.88905913822938, 49.98142791696337]	CyclistR40: [89.28556207726469, 70.6570636248301, 66.36097294103283]	delta: [ 0.20885903  0.20037349  0.17890754 -0.04029152  0.24054454  1.16339794
 -0.12343024 -0.10286333 -0.10468622]
score: [0.1, 0.1, 0.7000000000000001]	iou: [0.4, 0.2, 0.0]	carR40: [90.10370384320545, 81.00644373542801, 78.46116138926598]	PedestrianR40: [63.54598934131761, 56.88905913822938, 49.98142791696337]	CyclistR40: [89.28556207726469, 70.6570636248301, 66.36097294103283]	delta: [ 0.24313229  0.23693979  0.21092918 -0.04029152  0.24054454  1.16339794
 -0.12343024 -0.10286333 -0.10468622]
score: [0.1, 0.1, 0.1]	iou: [0.4, 0.30000000000000004, 0.0]	carR40: [89.84163979207672, 80.73205955973692, 78.21292747160207]	PedestrianR40: [63.56899294712329, 56.907137650952635, 49.9908893360286]	CyclistR40: [89.2735232673887, 70.60957134477015, 66.31630824698422]	delta: [-0.01893177 -0.03744438 -0.03730473 -0.01728792  0.25862305  1.17285936
 -0.13546905 -0.15035561 -0.14935092]
score: [0.1, 0.1, 0.2]	iou: [0.4, 0.30000000000000004, 0.0]	carR40: [89.97014993726489, 80.78183071704383, 78.25924887595615]	PedestrianR40: [63.56899294712329, 56.907137650952635, 49.9908893360286]	CyclistR40: [89.2735232673887, 70.60957134477015, 66.31630824698422]	delta: [ 0.10957838  0.01232677  0.00901667 -0.01728792  0.25862305  1.17285936
 -0.13546905 -0.15035561 -0.14935092]
score: [0.1, 0.1, 0.30000000000000004]	iou: [0.4, 0.30000000000000004, 0.0]	carR40: [89.97014993726489, 80.87697451208577, 78.32256114926587]	PedestrianR40: [63.56899294712329, 56.907137650952635, 49.9908893360286]	CyclistR40: [89.2735232673887, 70.60957134477015, 66.31630824698422]	delta: [ 0.10957838  0.10747057  0.07232894 -0.01728792  0.25862305  1.17285936
 -0.13546905 -0.15035561 -0.14935092]
score: [0.1, 0.1, 0.4]	iou: [0.4, 0.30000000000000004, 0.0]	carR40: [89.99537368859905, 80.90844667137401, 78.35521323400043]	PedestrianR40: [63.56899294712329, 56.907137650952635, 49.9908893360286]	CyclistR40: [89.2735232673887, 70.60957134477015, 66.31630824698422]	delta: [ 0.13480213  0.13894273  0.10498103 -0.01728792  0.25862305  1.17285936
 -0.13546905 -0.15035561 -0.14935092]
score: [0.1, 0.1, 0.5]	iou: [0.4, 0.30000000000000004, 0.0]	carR40: [90.06943058876908, 80.93351182733993, 78.39678453907176]	PedestrianR40: [63.56899294712329, 56.907137650952635, 49.9908893360286]	CyclistR40: [89.2735232673887, 70.60957134477015, 66.31630824698422]	delta: [ 0.20885903  0.16400788  0.14655233 -0.01728792  0.25862305  1.17285936
 -0.13546905 -0.15035561 -0.14935092]
score: [0.1, 0.1, 0.6]	iou: [0.4, 0.30000000000000004, 0.0]	carR40: [90.06943058876908, 80.96987743001291, 78.429139747055]	PedestrianR40: [63.56899294712329, 56.907137650952635, 49.9908893360286]	CyclistR40: [89.2735232673887, 70.60957134477015, 66.31630824698422]	delta: [ 0.20885903  0.20037349  0.17890754 -0.01728792  0.25862305  1.17285936
 -0.13546905 -0.15035561 -0.14935092]
score: [0.1, 0.1, 0.7000000000000001]	iou: [0.4, 0.30000000000000004, 0.0]	carR40: [90.10370384320545, 81.00644373542801, 78.46116138926598]	PedestrianR40: [63.56899294712329, 56.907137650952635, 49.9908893360286]	CyclistR40: [89.2735232673887, 70.60957134477015, 66.31630824698422]	delta: [ 0.24313229  0.23693979  0.21092918 -0.01728792  0.25862305  1.17285936
 -0.13546905 -0.15035561 -0.14935092]
score: [0.1, 0.1, 0.1]	iou: [0.4, 0.5, 0.0]	carR40: [89.84163979207672, 80.73205955973692, 78.21292747160207]	PedestrianR40: [63.44972664459632, 56.83360371590784, 49.97242235835099]	CyclistR40: [89.93388165961912, 70.45705526893087, 66.10083802547085]	delta: [-0.01893177 -0.03744438 -0.03730473 -0.13655422  0.18508912  1.15439238
  0.52488934 -0.30287169 -0.36482114]
score: [0.1, 0.1, 0.2]	iou: [0.4, 0.5, 0.0]	carR40: [89.97014993726489, 80.78183071704383, 78.25924887595615]	PedestrianR40: [63.44972664459632, 56.83360371590784, 49.97242235835099]	CyclistR40: [89.93388165961912, 70.45705526893087, 66.10083802547085]	delta: [ 0.10957838  0.01232677  0.00901667 -0.13655422  0.18508912  1.15439238
  0.52488934 -0.30287169 -0.36482114]
score: [0.1, 0.1, 0.30000000000000004]	iou: [0.4, 0.5, 0.0]	carR40: [89.97014993726489, 80.87697451208577, 78.32256114926587]	PedestrianR40: [63.44972664459632, 56.83360371590784, 49.97242235835099]	CyclistR40: [89.93388165961912, 70.45705526893087, 66.10083802547085]	delta: [ 0.10957838  0.10747057  0.07232894 -0.13655422  0.18508912  1.15439238
  0.52488934 -0.30287169 -0.36482114]
score: [0.1, 0.1, 0.4]	iou: [0.4, 0.5, 0.0]	carR40: [89.99537368859905, 80.90844667137401, 78.35521323400043]	PedestrianR40: [63.44972664459632, 56.83360371590784, 49.97242235835099]	CyclistR40: [89.93388165961912, 70.45705526893087, 66.10083802547085]	delta: [ 0.13480213  0.13894273  0.10498103 -0.13655422  0.18508912  1.15439238
  0.52488934 -0.30287169 -0.36482114]
score: [0.1, 0.1, 0.5]	iou: [0.4, 0.5, 0.0]	carR40: [90.06943058876908, 80.93351182733993, 78.39678453907176]	PedestrianR40: [63.44972664459632, 56.83360371590784, 49.97242235835099]	CyclistR40: [89.93388165961912, 70.45705526893087, 66.10083802547085]	delta: [ 0.20885903  0.16400788  0.14655233 -0.13655422  0.18508912  1.15439238
  0.52488934 -0.30287169 -0.36482114]
score: [0.1, 0.1, 0.6]	iou: [0.4, 0.5, 0.0]	carR40: [90.06943058876908, 80.96987743001291, 78.429139747055]	PedestrianR40: [63.44972664459632, 56.83360371590784, 49.97242235835099]	CyclistR40: [89.93388165961912, 70.45705526893087, 66.10083802547085]	delta: [ 0.20885903  0.20037349  0.17890754 -0.13655422  0.18508912  1.15439238
  0.52488934 -0.30287169 -0.36482114]
score: [0.1, 0.1, 0.7000000000000001]	iou: [0.4, 0.5, 0.0]	carR40: [90.10370384320545, 81.00644373542801, 78.46116138926598]	PedestrianR40: [63.44972664459632, 56.83360371590784, 49.97242235835099]	CyclistR40: [89.93388165961912, 70.45705526893087, 66.10083802547085]	delta: [ 0.24313229  0.23693979  0.21092918 -0.13655422  0.18508912  1.15439238
  0.52488934 -0.30287169 -0.36482114]
